3.161637923824967e+00 9.807948283527636e-02
3.429782303483069e+00 1.029889951770549e-01
3.720668505599842e+00 1.081442603586456e-01
4.036225306342071e+00 1.135575798988289e-01
4.378545064962649e+00 1.192418710869477e-01
4.749897597585690e+00 1.252106978062050e-01
5.152745227653098e+00 1.314783028998686e-01
5.589759112827439e+00 1.380596421576122e-01
6.063836956609755e+00 1.449704200030939e-01
6.578122222112540e+00 1.522271269679273e-01
7.136024975388470e+00 1.598470790414686e-01
7.741244496520518e+00 1.678484589903143e-01
8.397793808400580e+00 1.762503597461069e-01
9.110026285839352e+00 1.850728299651811e-01
9.882664521444168e+00 1.943369218687645e-01
1.072083163966554e+01 2.040647414778907e-01
1.163008526664608e+01 2.142795013628930e-01
1.261645438111534e+01 2.250055760333530e-01
1.368647929067744e+01 2.362685601006733e-01
1.484725499856187e+01 2.480953293520635e-01
1.610647824838883e+01 2.605141048816739e-01
1.747249855888850e+01 2.735545204319070e-01
1.895437358696956e+01 2.872476931055981e-01
2.056192918623218e+01 3.016262976177960e-01
2.230582455915512e+01 3.167246442643275e-01
2.419762293496061e+01 3.325787607931909e-01
2.624986824180014e+01 3.492264783741437e-01
2.847616828165066e+01 3.667075218716228e-01
3.089128495942798e+01 3.850636046364089e-01
3.351123216459887e+01 4.043385280422267e-01
3.635338195431415e+01 4.245782860047951e-01
3.943657974213057e+01 4.458311747327320e-01
4.278126925610172e+01 4.681479079722013e-01
4.640962809479672e+01 4.915817380203004e-01
5.034571478007633e+01 5.161885827959497e-01
5.461562828168788e+01 5.420271592715018e-01
5.924768107143720e+01 5.691591235834659e-01
6.427258685440603e+01 5.976492181566792e-01
6.972366422200226e+01 6.275654261929962e-01
7.563705757720344e+01 6.589791338931337e-01
8.205197679688010e+01 6.919653007987695e-01
8.901095722032548e+01 7.266026386613647e-01
9.656014168789495e+01 7.629737992645257e-01
1.047495864998659e+02 8.011655716480928e-01
1.136335933242364e+02 8.412690892045668e-01
1.232710692542395e+02 8.833800471420516e-01
1.337259174030052e+02 9.275989308326261e-01
1.450674606252787e+02 9.740312555910252e-01
1.573709011757645e+02 1.022787818455794e+00
1.707178193519483e+02 1.073984962573722e+00
1.851967144277420e+02 1.127744854818420e+00
2.009035914647139e+02 1.184195777305513e+00
2.179425978918690e+02 1.243472433500038e+00
2.364267140749419e+02 1.305716269646511e+00
2.564785024541536e+02 1.371075812288644e+00
2.782309202177305e+02 1.439707022684098e+00
3.018282008997726e+02 1.511773668959995e+00
3.274268107480744e+02 1.587447716897219e+00
3.551964862032747e+02 1.666909740275996e+00
3.853213593685390e+02 1.750349351761922e+00
4.180011789324105e+02 1.837965655360623e+00
4.534526346404016e+02 1.929967721520708e+00
4.919107940974721e+02 2.026575086018679e+00
5.336306614283956e+02 2.128018273816273e+00
5.788888681309985e+02 2.234539349140229e+00
6.279855073338121e+02 2.346392493097142e+00
6.812461236205064e+02 2.463844610201634e+00
7.390238716150374e+02 2.587175965265212e+00
8.017018576403950e+02 2.716680852165511e+00
8.696956799777918e+02 2.852668296091783e+00
9.434561845699317e+02 2.995462790942297e+00
1.023472454440597e+03 3.145405073633254e+00
1.110275052652448e+03 3.302852937166858e+00
1.204439540306106e+03 3.468182084398739e+00
1.306590292907260e+03 3.641787024541904e+00
1.417404640406945e+03 3.824082014546552e+00
1.537617358366320e+03 4.015502047601997e+00
1.668025540025482e+03 4.216503891119551e+00
1.809493881581460e+03 4.427567176673122e+00
1.962960415720447e+03 4.649195544498411e+00
2.129442731421537e+03 4.881917845281659e+00
2.310044721273583e+03 5.126289402105757e+00
2.505963901044488e+03 5.382893335564861e+00
2.718499350036776e+03 5.652341955209587e+00
2.949060324879421e+03 5.935278220643002e+00
3.199175603871402e+03 6.232377275754000e+00
3.470503623836322e+03 6.544348059748886e+00
3.764843476702511e+03 6.871934998825569e+00
4.084146838723459e+03 7.215919782526929e+00
4.430530911437639e+03 7.577123229012249e+00
4.806292460175076e+03 7.956407243697454e+00
5.213923043195762e+03 8.354676875938011e+00
5.656125532439501e+03 8.772882478662053e+00
6.135832035431302e+03 9.212021976107208e+00
6.656223337176742e+03 9.673143245072202e+00
7.220749990960609e+03 1.015734661536560e+01
7.833155197895228e+03 1.066578749541808e+01
8.497499626925908e+03 1.119967912932368e+01
9.218188339866945e+03 1.176029549188873e+01
1.000000000000000e+04 1.234897432859671e+01
