3.161637923824967e+00 2.395139891404896e+04
3.429782303483069e+00 2.280962946218444e+04
3.720668505599842e+00 2.172228845877460e+04
4.036225306342071e+00 2.068678128544326e+04
4.378545064962649e+00 1.970063700995095e+04
4.749897597585690e+00 1.876150249004449e+04
5.152745227653098e+00 1.786713675837743e+04
5.589759112827439e+00 1.701540567510299e+04
6.063836956609755e+00 1.620427683537917e+04
6.578122222112540e+00 1.543181471963445e+04
7.136024975388470e+00 1.469617607502163e+04
7.741244496520518e+00 1.399560551703891e+04
8.397793808400580e+00 1.332843134082290e+04
9.110026285839352e+00 1.269306153211836e+04
9.882664521444168e+00 1.208797996840608e+04
1.072083163966554e+01 1.151174280112392e+04
1.163008526664608e+01 1.096297501034845e+04
1.261645438111534e+01 1.044036712371566e+04
1.368647929067744e+01 9.942672091751692e+03
1.484725499856187e+01 9.468702312157347e+03
1.610647824838883e+01 9.017326795945686e+03
1.747249855888850e+01 8.587468468670648e+03
1.895437358696956e+01 8.178101600306781e+03
2.056192918623218e+01 7.788249357647264e+03
2.230582455915512e+01 7.416981473379792e+03
2.419762293496061e+01 7.063412026278190e+03
2.624986824180014e+01 6.726697327212890e+03
2.847616828165066e+01 6.406033905935838e+03
3.089128495942798e+01 6.100656593835887e+03
3.351123216459887e+01 5.809836698089754e+03
3.635338195431415e+01 5.532880262851670e+03
3.943657974213057e+01 5.269126413332561e+03
4.278126925610172e+01 5.017945778817440e+03
4.640962809479672e+01 4.778738990857940e+03
5.034571478007633e+01 4.550935253056423e+03
5.461562828168788e+01 4.333990979028849e+03
5.924768107143720e+01 4.127388495296301e+03
6.427258685440603e+01 3.930634806010026e+03
6.972366422200226e+01 3.743260416562348e+03
7.563705757720344e+01 3.564818213276358e+03
8.205197679688010e+01 3.394882396501087e+03
8.901095722032548e+01 3.233047464566319e+03
9.656014168789495e+01 3.078927246172535e+03
1.047495864998659e+02 2.932153978907083e+03
1.136335933242364e+02 2.792377431687728e+03
1.232710692542395e+02 2.659264069039551e+03
1.337259174030052e+02 2.532496255210967e+03
1.450674606252787e+02 2.411771496229764e+03
1.573709011757645e+02 2.296801718090519e+03
1.707178193519483e+02 2.187312579351008e+03
1.851967144277420e+02 2.083042816497319e+03
2.009035914647139e+02 1.983743620515600e+03
2.179425978918690e+02 1.889178043182773e+03
2.364267140749419e+02 1.799120431659545e+03
2.564785024541536e+02 1.713355890036497e+03
2.782309202177305e+02 1.631679766548429e+03
3.018282008997726e+02 1.553897165233327e+03
3.274268107480744e+02 1.479822480870668e+03
3.551964862032747e+02 1.409278956089348e+03
3.853213593685390e+02 1.342098259588379e+03
4.180011789324105e+02 1.278120084463930e+03
4.534526346404016e+02 1.217191765684210e+03
4.919107940974721e+02 1.159167915799430e+03
5.336306614283956e+02 1.103910078017563e+03
5.788888681309985e+02 1.051286395818086e+03
6.279855073338121e+02 1.001171298315293e+03
6.812461236205064e+02 9.534452006204549e+02
7.390238716150374e+02 9.079942184877679e+02
8.017018576403950e+02 8.647098965632210e+02
8.696956799777918e+02 8.234889495878983e+02
9.434561845699317e+02 7.842330159381958e+02
1.023472454440597e+03 7.468484229148370e+02
1.110275052652448e+03 7.112459632206278e+02
1.204439540306106e+03 6.773406820935646e+02
1.306590292907260e+03 6.450516745873732e+02
1.417404640406945e+03 6.143018925157326e+02
1.537617358366320e+03 5.850179605995214e+02
1.668025540025482e+03 5.571300013783664e+02
1.809493881581460e+03 5.305714684687108e+02
1.962960415720447e+03 5.052789877705101e+02
2.129442731421537e+03 4.811922062436491e+02
2.310044721273583e+03 4.582536478932209e+02
2.505963901044488e+03 4.364085766200329e+02
2.718499350036776e+03 4.156048656090584e+02
2.949060324879421e+03 3.957928729441813e+02
3.199175603871402e+03 3.769253231524115e+02
3.470503623836322e+03 3.589571943949236e+02
3.764843476702511e+03 3.418456110357267e+02
4.084146838723459e+03 3.255497413316146e+02
4.430530911437639e+03 3.100306999992602e+02
4.806292460175076e+03 2.952514554269653e+02
5.213923043195762e+03 2.811767413096484e+02
5.656125532439501e+03 2.677729724962174e+02
6.135832035431302e+03 2.550081648485185e+02
6.656223337176742e+03 2.428518589206303e+02
7.220749990960609e+03 2.312750472763863e+02
7.833155197895228e+03 2.202501052716915e+02
8.497499626925908e+03 2.097507251364603e+02
9.218188339866945e+03 1.997518531988898e+02
1.000000000000000e+04 1.902296301022653e+02
