1.501570183691129e-04 1.011422543419564e+04
1.536546246388856e-04 1.034976339254807e+04
1.572337006245013e-04 1.059078525521904e+04
1.608961439994222e-04 1.083741864190853e+04
1.646438966396037e-04 1.108979413945580e+04
1.684789456531032e-04 1.134804537069350e+04
1.724033244336704e-04 1.161230906489350e+04
1.764191137388802e-04 1.188272512984068e+04
1.805284427933773e-04 1.215943672557233e+04
1.847334904178199e-04 1.244259033982090e+04
1.890364861841189e-04 1.273233586519955e+04
1.934397115975864e-04 1.302882667817008e+04
1.979455013066201e-04 1.333221971983421e+04
2.025562443405652e-04 1.364267557858989e+04
2.072743853764084e-04 1.396035857469516e+04
2.121024260349790e-04 1.428543684678337e+04
2.170429262073409e-04 1.461808244037426e+04
2.220985054120807e-04 1.495847139842630e+04
2.272718441842112e-04 1.530678385397727e+04
2.325656854964267e-04 1.566320412492027e+04
2.379828362134631e-04 1.602792081096421e+04
2.435261685803352e-04 1.640112689282844e+04
2.491986217452384e-04 1.678301983372228e+04
2.550032033179247e-04 1.717380168316178e+04
2.609429909643766e-04 1.757367918317656e+04
2.670211340386265e-04 1.798286387696129e+04
2.732408552525864e-04 1.840157222002737e+04
2.796054523847714e-04 1.883002569391145e+04
2.861183000288265e-04 1.926845092249903e+04
2.927828513827803e-04 1.971707979102233e+04
2.996026400799764e-04 2.017614956779317e+04
3.065812820626527e-04 2.064590302873266e+04
3.137224774991616e-04 2.112658858476130e+04
3.210300127458485e-04 2.161846041211395e+04
3.285077623546278e-04 2.212177858564586e+04
3.361596911273218e-04 2.263680921519765e+04
3.439898562178511e-04 2.316382458508776e+04
3.520024092833910e-04 2.370310329680346e+04
3.602015986856357e-04 2.425493041496218e+04
3.685917717433353e-04 2.481959761661693e+04
3.771773770373022e-04 2.539740334398134e+04
3.859629667691069e-04 2.598865296065057e+04
3.949531991747165e-04 2.659365891139752e+04
4.041528409943521e-04 2.721274088562375e+04
4.135667699998783e-04 2.784622598454777e+04
4.231999775810616e-04 2.849444889221408e+04
4.330575713920723e-04 2.915775205040843e+04
4.431447780596298e-04 2.983648583756712e+04
4.534669459542290e-04 3.053100875176900e+04
4.640295480259179e-04 3.124168759790182e+04
4.748381847061271e-04 3.196889767909561e+04
4.858985868770940e-04 3.271302299251838e+04
4.972166189104512e-04 3.347445642963112e+04
5.087982817765949e-04 3.425359998100121e+04
5.206497162264777e-04 3.505086494577528e+04
5.327772060475177e-04 3.586667214591529e+04
5.451871813953440e-04 3.670145214530248e+04
5.578862222031514e-04 3.755564547381799e+04
5.708810616704684e-04 3.842970285650877e+04
5.841785898331870e-04 3.932408544795217e+04
5.977858572167530e-04 4.023926507193276e+04
6.117100785744463e-04 4.117572446654907e+04
6.259586367127403e-04 4.213395753486857e+04
6.405390864057612e-04 4.311446960125370e+04
6.554591584009315e-04 4.411777767348204e+04
6.707267635179138e-04 4.514441071078827e+04
6.863499968430313e-04 4.619490989795640e+04
7.023371420213912e-04 4.726982892559483e+04
7.186966756489822e-04 4.836973427672809e+04
7.354372717670772e-04 4.949520551984309e+04
7.525678064613263e-04 5.064683560852947e+04
7.700973625679737e-04 5.182523118785670e+04
7.880352344896982e-04 5.303101290763376e+04
8.063909331236286e-04 5.426481574269949e+04
8.251741909041469e-04 5.552728932039496e+04
8.443949669631543e-04 5.681909825537230e+04
8.640634524105344e-04 5.814092249189672e+04
8.841900757376144e-04 5.949345765380242e+04
9.047855083464894e-04 6.087741540226521e+04
9.258606702081421e-04 6.229352380155888e+04
9.474267356523535e-04 6.374252769296369e+04
9.694951392924836e-04 6.522518907700109e+04
9.920775820882516e-04 6.674228750416938e+04
1.015186037549742e-03 6.829462047436000e+04
1.038832758085917e-03 6.988300384513712e+04
1.063030281501006e-03 7.150827224906560e+04
1.087791437642217e-03 7.317127952027722e+04
1.113129355202287e-03 7.487289913046703e+04
1.139057468680494e-03 7.661402463451641e+04
1.165589525505803e-03 7.839557012594154e+04
1.192739593325937e-03 8.021847070237092e+04
1.220522067466227e-03 8.208368294125755e+04
1.248951678562208e-03 8.399218538603655e+04
1.278043500369992e-03 8.594497904294070e+04
1.307812957758577e-03 8.794308788869204e+04
1.338275834888317e-03 8.998755938928935e+04
1.369448283579890e-03 9.207946503011625e+04
1.401346831878208e-03 9.421990085759741e+04
1.433988392815805e-03 9.640998803263511e+04
1.467390273380354e-03 9.865087339606056e+04
1.501570183691055e-03 1.009437300463393e+05
1.536546246388781e-03 1.032897579297730e+05
1.572337006244936e-03 1.056901844434432e+05
1.608961439994143e-03 1.081462650511490e+05
1.646438966395957e-03 1.106592839125880e+05
1.684789456530949e-03 1.132305545260417e+05
1.724033244336620e-03 1.158614203848238e+05
1.764191137388715e-03 1.185532556477549e+05
1.805284427933685e-03 1.213074658239332e+05
1.847334904178108e-03 1.241254884720709e+05
1.890364861841096e-03 1.270087939146702e+05
1.934397115975769e-03 1.299588859673199e+05
1.979455013066104e-03 1.329773026833904e+05
2.025562443405553e-03 1.360656171144125e+05
2.072743853763982e-03 1.392254380864291e+05
2.121024260349686e-03 1.424584109926102e+05
2.170429262073303e-03 1.457662186024222e+05
2.220985054120697e-03 1.491505818876523e+05
2.272718441842000e-03 1.526132608655845e+05
2.325656854964152e-03 1.561560554596305e+05
2.379828362134514e-03 1.597808063777192e+05
2.435261685803232e-03 1.634893960087528e+05
2.491986217452262e-03 1.672837493374379e+05
2.550032033179122e-03 1.711658348778027e+05
2.609429909643638e-03 1.751376656257138e+05
2.670211340386135e-03 1.792013000307065e+05
2.732408552525730e-03 1.833588429874452e+05
2.796054523847577e-03 1.876124468471307e+05
2.861183000288124e-03 1.919643124491725e+05
2.927828513827659e-03 1.964166901734447e+05
2.996026400799617e-03 2.009718810134446e+05
3.065812820626377e-03 2.056322376706736e+05
3.137224774991463e-03 2.104001656705569e+05
3.210300127458327e-03 2.152781245002233e+05
3.285077623546117e-03 2.202686287684592e+05
3.361596911273054e-03 2.253742493881536e+05
3.439898562178341e-03 2.305976147815470e+05
3.520024092833737e-03 2.359414121085957e+05
3.602015986856181e-03 2.414083885187592e+05
3.685917717433173e-03 2.470013524265171e+05
3.771773770372835e-03 2.527231748109123e+05
3.859629667690879e-03 2.585767905394225e+05
3.949531991746971e-03 2.645651997164451e+05
4.041528409943323e-03 2.706914690566856e+05
4.135667699998579e-03 2.769587332837234e+05
4.231999775810407e-03 2.833701965540309e+05
4.330575713920510e-03 2.899291339067050e+05
4.431447780596080e-03 2.966388927391662e+05
4.534669459542067e-03 3.035028943090716e+05
4.640295480258951e-03 3.105246352626709e+05
4.748381847061038e-03 3.177076891898312e+05
4.858985868770702e-03 3.250557082059361e+05
4.972166189104269e-03 3.325724245608555e+05
5.087982817765698e-03 3.402616522751654e+05
5.206497162264522e-03 3.481272888037800e+05
5.327772060474915e-03 3.561733167271418e+05
5.451871813953172e-03 3.644038054700983e+05
5.578862222031242e-03 3.728229130485653e+05
5.708810616704404e-03 3.814348878440706e+05
5.841785898331582e-03 3.902440704062279e+05
5.977858572167236e-03 3.992548952831817e+05
6.117100785744165e-03 4.084718928800307e+05
6.259586367127096e-03 4.178996913452090e+05
6.405390864057298e-03 4.275430184847686e+05
6.554591584008994e-03 4.374067037044863e+05
6.707267635178808e-03 4.474956799796675e+05
6.863499968429976e-03 4.578149858524947e+05
7.023371420213569e-03 4.683697674567198e+05
7.186966756489470e-03 4.791652805694644e+05
7.354372717670412e-03 4.902068926898407e+05
7.525678064612892e-03 5.015000851440626e+05
7.700973625679358e-03 5.130504552166640e+05
7.880352344896596e-03 5.248637183073881e+05
8.063909331235890e-03 5.369457101132546e+05
8.251741909041066e-03 5.493023888352527e+05
8.443949669631131e-03 5.619398374090395e+05
8.640634524104920e-03 5.748642657589688e+05
8.841900757375709e-03 5.880820130746794e+05
9.047855083464451e-03 6.015995501094332e+05
9.258606702080965e-03 6.154234814992725e+05
9.474267356523071e-03 6.295605481020212e+05
9.694951392924360e-03 6.440176293550351e+05
9.920775820882029e-03 6.588017456505346e+05
1.015186037549692e-02 6.739200607272431e+05
1.038832758085866e-02 6.893798840769554e+05
1.063030281500954e-02 7.051886733645523e+05
1.087791437642163e-02 7.213540368598620e+05
1.113129355202232e-02 7.378837358796403e+05
1.139057468680438e-02 7.547856872378364e+05
1.165589525505746e-02 7.720679657021497e+05
1.192739593325878e-02 7.897388064547651e+05
1.220522067466167e-02 8.078066075549942e+05
1.248951678562146e-02 8.262799324014031e+05
1.278043500369929e-02 8.451675121908374e+05
1.307812957758513e-02 8.644782483715905e+05
1.338275834888251e-02 8.842212150877806e+05
1.369448283579823e-02 9.044056616118160e+05
1.401346831878139e-02 9.250410147616209e+05
1.433988392815735e-02 9.461368812991070e+05
1.467390273380282e-02 9.677030503061494e+05
1.501570183690982e-02 9.897494955340829e+05
1.536546246388706e-02 1.012286377722540e+06
1.572337006244858e-02 1.035324046883155e+06
1.608961439994064e-02 1.058873044543440e+06
1.646438966395876e-02 1.082944105945835e+06
1.684789456530867e-02 1.107548162196674e+06
1.724033244336536e-02 1.132696342359514e+06
1.764191137388629e-02 1.158399975486916e+06
1.805284427933596e-02 1.184670592584542e+06
1.847334904178018e-02 1.211519928500964e+06
1.890364861841004e-02 1.238959923736359e+06
1.934397115975674e-02 1.267002726162790e+06
1.979455013066007e-02 1.295660692648466e+06
2.025562443405453e-02 1.324946390577908e+06
2.072743853763881e-02 1.354872599259604e+06
2.121024260349582e-02 1.385452311212222e+06
2.170429262073196e-02 1.416698733320067e+06
2.220985054120589e-02 1.448625287847950e+06
2.272718441841889e-02 1.481245613305168e+06
2.325656854964038e-02 1.514573565147779e+06
2.379828362134398e-02 1.548623216307832e+06
2.435261685803112e-02 1.583408857537638e+06
2.491986217452139e-02 1.618944997556636e+06
2.550032033178997e-02 1.655246362987771e+06
2.609429909643509e-02 1.692327898069705e+06
2.670211340386004e-02 1.730204764130558e+06
2.732408552525595e-02 1.768892338808166e+06
2.796054523847439e-02 1.808406215001214e+06
2.861183000287984e-02 1.848762199534837e+06
2.927828513827516e-02 1.889976311523580e+06
2.996026400799470e-02 1.932064780413838e+06
3.065812820626226e-02 1.975044043687092e+06
3.137224774991309e-02 2.018930744204473e+06
3.210300127458170e-02 2.063741727172322e+06
3.285077623545956e-02 2.109494036707547e+06
3.361596911272888e-02 2.156204911980708e+06
3.439898562178172e-02 2.203891782913814e+06
3.520024092833565e-02 2.252572265408886e+06
3.602015986856004e-02 2.302264156082342e+06
3.685917717432992e-02 2.352985426479310e+06
3.771773770372652e-02 2.404754216740881e+06
3.859629667690691e-02 2.457588828696306e+06
3.949531991746778e-02 2.511507718351064e+06
4.041528409943123e-02 2.566529487740583e+06
4.135667699998376e-02 2.622672876118325e+06
4.231999775810200e-02 2.679956750445738e+06
4.330575713920298e-02 2.738400095150473e+06
4.431447780595862e-02 2.798022001117988e+06
4.534669459541846e-02 2.858841653880523e+06
4.640295480258722e-02 2.920878320966166e+06
4.748381847060804e-02 2.984151338369503e+06
4.858985868770464e-02 3.048680096104051e+06
4.972166189104024e-02 3.114484022795471e+06
5.087982817765448e-02 3.181582569273241e+06
5.206497162264267e-02 3.249995191117205e+06
5.327772060474653e-02 3.319741330114133e+06
5.451871813952904e-02 3.390840394578219e+06
5.578862222030968e-02 3.463311738488054e+06
5.708810616704123e-02 3.537174639391557e+06
5.841785898331297e-02 3.612448275028941e+06
5.977858572166943e-02 3.689151698622723e+06
6.117100785743865e-02 3.767303812782617e+06
6.259586367126788e-02 3.846923341971944e+06
6.405390864056984e-02 3.928028803481285e+06
6.554591584008672e-02 4.010638476853964e+06
6.707267635178479e-02 4.094770371707099e+06
6.863499968429640e-02 4.180442193891103e+06
7.023371420213224e-02 4.267671309929773e+06
7.186966756489117e-02 4.356474709682403e+06
7.354372717670050e-02 4.446868967168956e+06
7.525678064612525e-02 4.538870199498849e+06
7.700973625678981e-02 4.632494023843735e+06
7.880352344896208e-02 4.727755512394582e+06
8.063909331235494e-02 4.824669145243521e+06
8.251741909040661e-02 4.923248761131308e+06
8.443949669630715e-02 5.023507506001723e+06
8.640634524104496e-02 5.125457779305278e+06
8.841900757375273e-02 5.229111177995537e+06
9.047855083464006e-02 5.334478438162953e+06
9.258606702080513e-02 5.441569374252838e+06
9.474267356522607e-02 5.550392815816309e+06
9.694951392923884e-02 5.660956541745565e+06
9.920775820881543e-02 5.773267211947951e+06
1.015186037549642e-01 5.887330296416684e+06
1.038832758085815e-01 6.003150001660241e+06
1.063030281500902e-01 6.120729194456859e+06
1.087791437642110e-01 6.240069322905986e+06
1.113129355202177e-01 6.361170334754144e+06
1.139057468680382e-01 6.484030592979458e+06
1.165589525505689e-01 6.608646788626224e+06
1.192739593325820e-01 6.735013850889154e+06
1.220522067466108e-01 6.863124854455844e+06
1.248951678562085e-01 6.992970924125964e+06
1.278043500369866e-01 7.124541136736578e+06
1.307812957758449e-01 7.257822420434969e+06
1.338275834888186e-01 7.392799451353328e+06
1.369448283579755e-01 7.529454547754093e+06
1.401346831878070e-01 7.667767561730007e+06
1.433988392815664e-01 7.807715768559976e+06
1.467390273380210e-01 7.949273753839848e+06
1.501570183690908e-01 8.092413298527054e+06
1.536546246388630e-01 8.237103262059025e+06
1.572337006244782e-01 8.383309463728356e+06
1.608961439993984e-01 8.530994562521752e+06
1.646438966395795e-01 8.680117935656361e+06
1.684789456530784e-01 8.830635556074621e+06
1.724033244336451e-01 8.982499869188825e+06
1.764191137388542e-01 9.135659669198051e+06
1.805284427933508e-01 9.290059975333817e+06
1.847334904177927e-01 9.445641908426166e+06
1.890364861840911e-01 9.602342568219556e+06
1.934397115975579e-01 9.760094911907226e+06
1.979455013065910e-01 9.918827634394344e+06
2.025562443405353e-01 1.007846505084332e+07
2.072743853763779e-01 1.023892698210029e+07
2.121024260349478e-01 1.040012864364860e+07
2.170429262073089e-01 1.056198053878405e+07
2.220985054120480e-01 1.072438835675701e+07
2.272718441841777e-01 1.088725287667856e+07
2.325656854963924e-01 1.105046987804070e+07
2.379828362134281e-01 1.121393005875471e+07
2.435261685802993e-01 1.137751896166698e+07
2.491986217452017e-01 1.154111691056626e+07
2.550032033178872e-01 1.170459895675184e+07
2.609429909643382e-01 1.186783483728678e+07
2.670211340385872e-01 1.203068894611394e+07
2.732408552525462e-01 1.219302031926487e+07
2.796054523847302e-01 1.235468263544150e+07
2.861183000287844e-01 1.251552423329747e+07
2.927828513827372e-01 1.267538814678932e+07
2.996026400799323e-01 1.283411216000596e+07
3.065812820626076e-01 1.299152888291818e+07
3.137224774991155e-01 1.314746584951535e+07
3.210300127458012e-01 1.330174563981516e+07
3.285077623545795e-01 1.345418602724091e+07
3.361596911272723e-01 1.360460015285915e+07
3.439898562178004e-01 1.375279672795696e+07
3.520024092833391e-01 1.389858026641088e+07
3.602015986855827e-01 1.404175134825723e+07
3.685917717432811e-01 1.418210691581448e+07
3.771773770372465e-01 1.431944060363083e+07
3.859629667690500e-01 1.445354310343245e+07
3.949531991746583e-01 1.458420256512833e+07
4.041528409942927e-01 1.471120503478436e+07
4.135667699998173e-01 1.483433493031123e+07
4.231999775809993e-01 1.495337555541529e+07
4.330575713920086e-01 1.506810965213866e+07
4.431447780595646e-01 1.517831999206188e+07
4.534669459541623e-01 1.528379000595998e+07
4.640295480258495e-01 1.538430445138846e+07
4.748381847060572e-01 1.547965011733083e+07
4.858985868770224e-01 1.556961656466270e+07
4.972166189103780e-01 1.565399690078036e+07
5.087982817765199e-01 1.573258858630544e+07
5.206497162264011e-01 1.580519427131279e+07
5.327772060474393e-01 1.587162265803983e+07
5.451871813952637e-01 1.593168938652427e+07
5.578862222030694e-01 1.598521793908841e+07
5.708810616703843e-01 1.603204055904703e+07
5.841785898331010e-01 1.607199917846784e+07
5.977858572166649e-01 1.610494634926575e+07
6.117100785743564e-01 1.613074617137303e+07
6.259586367126482e-01 1.614927521120546e+07
6.405390864056669e-01 1.616042340314894e+07
6.554591584008351e-01 1.616409492633420e+07
6.707267635178150e-01 1.616020904855884e+07
6.863499968429304e-01 1.614870092886848e+07
7.023371420212879e-01 1.612952237003591e+07
7.186966756488764e-01 1.610264251198980e+07
7.354372717669689e-01 1.606804845715563e+07
7.525678064612153e-01 1.602574581869562e+07
7.700973625678603e-01 1.597575918277852e+07
7.880352344895821e-01 1.591813247628969e+07
8.063909331235097e-01 1.585292923181179e+07
8.251741909040254e-01 1.578023274227655e+07
8.443949669630300e-01 1.570014609841133e+07
8.640634524104072e-01 1.561279210298363e+07
8.841900757374842e-01 1.551831305688119e+07
9.047855083463563e-01 1.541687041324991e+07
9.258606702080056e-01 1.530864429723860e+07
9.474267356522144e-01 1.519383289035637e+07
9.694951392923409e-01 1.507265168001902e+07
9.920775820881055e-01 1.494533257652478e+07
1.015186037549592e+00 1.481212290143273e+07
1.038832758085764e+00 1.467328425309196e+07
1.063030281500849e+00 1.452909125685388e+07
1.087791437642056e+00 1.437983020926063e+07
1.113129355202123e+00 1.422579762720357e+07
1.139057468680326e+00 1.406729871464884e+07
1.165589525505632e+00 1.390464576099620e+07
1.192739593325762e+00 1.373815648643390e+07
1.220522067466048e+00 1.356815235074309e+07
1.248951678562024e+00 1.339495684285638e+07
1.278043500369803e+00 1.321889376905956e+07
1.307812957758385e+00 1.304028555802010e+07
1.338275834888120e+00 1.285945160081315e+07
1.369448283579688e+00 1.267670664378593e+07
1.401346831878001e+00 1.249235925145225e+07
1.433988392815594e+00 1.230671035564474e+07
1.467390273380138e+00 1.212005190588826e+07
1.501570183690835e+00 1.193266563441427e+07
1.536546246388555e+00 1.174482194744229e+07
1.572337006244704e+00 1.155677895234905e+07
1.608961439993906e+00 1.136878162816785e+07
1.646438966395714e+00 1.118106114456180e+07
1.684789456530701e+00 1.099383433204359e+07
1.724033244336366e+00 1.080730330382683e+07
1.764191137388456e+00 1.062165522734302e+07
1.805284427933419e+00 1.043706224119929e+07
1.847334904177836e+00 1.025368151123339e+07
1.890364861840818e+00 1.007165541739339e+07
1.934397115975484e+00 9.891111861469191e+06
1.979455013065813e+00 9.712164684266005e+06
2.025562443405254e+00 9.534914179662280e+06
2.072743853763677e+00 9.359447692154150e+06
2.121024260349374e+00 9.185840283962242e+06
2.170429262072983e+00 9.014155457565270e+06
2.220985054120371e+00 8.844445919617487e+06
2.272718441841666e+00 8.676754372585995e+06
2.325656854963810e+00 8.511114321083233e+06
2.379828362134164e+00 8.347550880738171e+06
2.435261685802874e+00 8.186081578509402e+06
2.491986217451895e+00 8.026717134554060e+06
2.550032033178746e+00 7.869462217085768e+06
2.609429909643253e+00 7.714316163039631e+06
2.670211340385741e+00 7.561273658770940e+06
2.732408552525327e+00 7.410325376406887e+06
2.796054523847165e+00 7.261458562811776e+06
2.861183000287703e+00 7.114657579385460e+06
2.927828513827228e+00 6.969904392064789e+06
2.996026400799176e+00 6.827179011921635e+06
3.065812820625925e+00 6.686459887631934e+06
3.137224774991000e+00 6.547724251824005e+06
3.210300127457855e+00 6.410948423895840e+06
3.285077623545633e+00 6.276108072326941e+06
3.361596911272558e+00 6.143178439805716e+06
3.439898562177834e+00 6.012134534661430e+06
3.520024092833219e+00 5.882951292144738e+06
3.602015986855649e+00 5.755603709057560e+06
3.685917717432630e+00 5.630066955110555e+06
3.771773770372281e+00 5.506316464200137e+06
3.859629667690311e+00 5.384328008565223e+06
3.949531991746389e+00 5.264077758520466e+06
4.041528409942727e+00 5.145542330183166e+06
4.135667699997970e+00 5.028698823326214e+06
4.231999775809784e+00 4.913524851209353e+06
4.330575713919873e+00 4.799998563974385e+06
4.431447780595428e+00 4.688098666940790e+06
4.534669459541400e+00 4.577804434912142e+06
4.640295480258267e+00 4.469095723401330e+06
4.748381847060338e+00 4.361952977505744e+06
4.858985868769986e+00 4.256357239010941e+06
4.972166189103536e+00 4.152290152172232e+06
5.087982817764949e+00 4.049733968515960e+06
5.206497162263755e+00 3.948671550913448e+06
5.327772060474131e+00 3.849086377108810e+06
5.451871813952369e+00 3.750962542824079e+06
5.578862222030421e+00 3.654284764519094e+06
5.708810616703562e+00 3.559038381847618e+06
5.841785898330723e+00 3.465209359822503e+06
5.977858572166356e+00 3.372784290680462e+06
6.117100785743264e+00 3.281750395419197e+06
6.259586367126174e+00 3.192095524965381e+06
6.405390864056355e+00 3.103808160920374e+06
6.554591584008029e+00 3.016877415820614e+06
6.707267635177821e+00 2.931293032841100e+06
6.863499968428967e+00 2.847045384862742e+06
7.023371420212534e+00 2.764125472817171e+06
7.186966756488411e+00 2.682524923216098e+06
7.354372717669329e+00 2.602235984765701e+06
7.525678064611786e+00 2.523251523960505e+06
7.700973625678224e+00 2.445565019545199e+06
7.880352344895434e+00 2.369170555727068e+06
8.063909331234703e+00 2.294062814016330e+06
8.251741909039852e+00 2.220237063566468e+06
8.443949669629886e+00 2.147689149882036e+06
8.640634524103648e+00 2.076415481757336e+06
8.841900757374408e+00 2.006413016305844e+06
9.047855083463121e+00 1.937679241937846e+06
9.258606702079604e+00 1.870212159141977e+06
9.474267356521677e+00 1.804010258926143e+06
9.694951392922933e+00 1.739072498774129e+06
9.920775820880570e+00 1.675398275976854e+06
1.015186037549543e+01 1.612987398201515e+06
1.038832758085713e+01 1.551840051168274e+06
1.063030281500798e+01 1.491956763312762e+06
1.087791437642003e+01 1.433338367323788e+06
1.113129355202068e+01 1.375985958459548e+06
1.139057468680270e+01 1.319900849562429e+06
1.165589525505574e+01 1.265084522712568e+06
1.192739593325703e+01 1.211538577483762e+06
1.220522067465988e+01 1.159264675792319e+06
1.248951678561963e+01 1.108264483360217e+06
1.278043500369741e+01 1.058539607848514e+06
1.307812957758320e+01 1.010091533755371e+06
1.338275834888054e+01 9.629215542154284e+05
1.369448283579621e+01 9.170306998833026e+05
1.401346831877932e+01 8.724196651337240e+05
1.433988392815524e+01 8.290887318637262e+05
1.467390273380066e+01 7.870376912383139e+05
1.501570183690761e+01 7.462657637792436e+05
1.536546246388480e+01 7.067715182567089e+05
1.572337006244627e+01 6.685527899047277e+05
1.608961439993827e+01 6.316065985421907e+05
1.646438966395633e+01 5.959290672416966e+05
1.684789456530619e+01 5.615153422462349e+05
1.724033244336281e+01 5.283595148883265e+05
1.764191137388369e+01 4.964545463157730e+05
1.805284427933330e+01 4.657921958713069e+05
1.847334904177746e+01 4.363629540085562e+05
1.890364861840725e+01 4.081559806521807e+05
1.934397115975389e+01 3.811590499242310e+05
1.979455013065716e+01 3.553585021601235e+05
2.025562443405154e+01 3.307392041246442e+05
2.072743853763576e+01 3.072845183097980e+05
2.121024260349270e+01 2.849762821509400e+05
2.170429262072876e+01 2.637947979346815e+05
2.220985054120262e+01 2.437188340909839e+05
2.272718441841554e+01 2.247256384625271e+05
2.325656854963696e+01 2.067909640271440e+05
2.379828362134047e+01 1.898891074146113e+05
2.435261685802754e+01 1.739929604086654e+05
2.491986217451772e+01 1.590740744605075e+05
2.550032033178621e+01 1.451027380636332e+05
2.609429909643125e+01 1.320480666543670e+05
2.670211340385610e+01 1.198781045112599e+05
2.732408552525193e+01 1.085599379332788e+05
2.796054523847028e+01 9.805981878550228e+04
2.861183000287563e+01 8.834329731613449e+04
2.927828513827084e+01 7.937536297455122e+04
2.996026400799029e+01 7.112059180122148e+04
3.065812820625774e+01 6.354329882109395e+04
3.137224774990847e+01 5.660769375647604e+04
3.210300127457698e+01 5.027803828727588e+04
3.285077623545472e+01 4.451880302886853e+04
3.361596911272393e+01 3.929482237329105e+04
3.439898562177667e+01 3.457144534966571e+04
3.520024092833046e+01 3.031468070554061e+04
3.602015986855473e+01 2.649133449211834e+04
3.685917717432449e+01 2.306913855203778e+04
3.771773770372096e+01 2.001686845643130e+04
3.859629667690123e+01 1.730444961540063e+04
3.949531991746196e+01 1.490305048895626e+04
4.041528409942529e+01 1.278516204919900e+04
4.135667699997767e+01 1.092466288378007e+04
4.231999775809560e+01 9.296869579669097e+03
4.330575713919661e+01 7.878572278885741e+03
4.431447780595229e+01 6.648055547907370e+03
4.534669459541178e+01 5.585104943793698e+03
4.640295480258021e+01 4.670999886878881e+03
4.748381847060106e+01 3.888493656765072e+03
4.858985868769768e+01 3.221781510624158e+03
4.972166189103292e+01 2.656458076580092e+03
5.087982817764679e+01 2.179465297223560e+03
5.206497162263500e+01 1.779032287144071e+03
5.327772060473891e+01 1.444608522852291e+03
5.451871813952102e+01 1.166791803777239e+03
5.578862222030124e+01 9.372524103520813e+02
5.708810616703283e+01 7.486548416986371e+02
5.841785898330460e+01 5.945784440855017e+02
5.977858572166063e+01 4.694381458752989e+02
6.117100785742939e+01 3.684063993416869e+02
6.259586367125867e+01 2.873372991413141e+02
6.405390864056066e+01 2.226937061649520e+02
6.554591584007707e+01 1.714780587542555e+02
6.707267635177465e+01 1.311674054614457e+02
6.863499968428629e+01 9.965304891422784e+01
7.023371420212219e+01 7.518505271855994e+01
7.186966756488059e+01 5.632173589719349e+01
7.354372717668937e+01 4.188416467667802e+01
7.525678064611415e+01 3.091555135967350e+01
7.700973625677879e+01 2.264538571194311e+01
7.880352344895049e+01 1.645805623709544e+01
8.063909331234274e+01 1.186566676627598e+01
8.251741909039444e+01 8.484717266283912e+00
8.443949669629508e+01 6.016295524775845e+00
8.640634524103224e+01 4.229416910338225e+00
8.841900757373938e+01 2.947150989101308e+00
9.047855083462674e+01 2.035184530802076e+00
9.258606702079186e+01 1.392488438702113e+00
9.474267356521212e+01 9.437795199108360e-01
9.694951392922418e+01 6.334950257116657e-01
9.920775820880080e+01 4.210269613577957e-01
