5.841785898333303e-09 1.006467571370729e+04
5.977858572168997e-09 1.029911208675771e+04
6.117100785745966e-09 1.053900918251983e+04
6.259586367128938e-09 1.078449419747529e+04
6.405390864059184e-09 1.103569729088816e+04
6.554591584010924e-09 1.129275165381680e+04
6.707267635180783e-09 1.155579357973320e+04
6.863499968431998e-09 1.182496253678723e+04
7.023371420215638e-09 1.210040124175421e+04
7.186966756491586e-09 1.238225573570483e+04
7.354372717672578e-09 1.267067546143770e+04
7.525678064615112e-09 1.296581334271553e+04
7.700973625681626e-09 1.326782586534688e+04
7.880352344898915e-09 1.357687316015661e+04
8.063909331238265e-09 1.389311908788892e+04
8.251741909043493e-09 1.421673132608793e+04
8.443949669633617e-09 1.454788145800220e+04
8.640634524107465e-09 1.488674506355977e+04
8.841900757378313e-09 1.523350181246247e+04
9.047855083467116e-09 1.558833555944867e+04
9.258606702083694e-09 1.595143444177479e+04
9.474267356525862e-09 1.632299097896764e+04
9.694951392927215e-09 1.670320217490014e+04
9.920775820884950e-09 1.709226962224463e+04
1.015186037549991e-08 1.749039960935940e+04
1.038832758086172e-08 1.789780322966462e+04
1.063030281501267e-08 1.831469649356619e+04
1.087791437642484e-08 1.874130044298643e+04
1.113129355202560e-08 1.917784126856259e+04
1.139057468680773e-08 1.962455042957524e+04
1.165589525506089e-08 2.008166477667013e+04
1.192739593326230e-08 2.054942667743843e+04
1.220522067466527e-08 2.102808414492237e+04
1.248951678562514e-08 2.151789096911383e+04
1.278043500370305e-08 2.201910685151610e+04
1.307812957758898e-08 2.253199754283982e+04
1.338275834888646e-08 2.305683498390630e+04
1.369448283580226e-08 2.359389744983286e+04
1.401346831878551e-08 2.414346969757661e+04
1.433988392816157e-08 2.470584311691495e+04
1.467390273380714e-08 2.528131588494272e+04
1.501570183691424e-08 2.587019312416822e+04
1.536546246389158e-08 2.647278706429143e+04
1.572337006245321e-08 2.708941720775071e+04
1.608961439994537e-08 2.772041049912538e+04
1.646438966396360e-08 2.836610149848421e+04
1.684789456531363e-08 2.902683255877164e+04
1.724033244337043e-08 2.970295400732577e+04
1.764191137389148e-08 3.039482433162434e+04
1.805284427934128e-08 3.110281036935742e+04
1.847334904178562e-08 3.182728750292710e+04
1.890364861841560e-08 3.256863985847787e+04
1.934397115976243e-08 3.332726050956260e+04
1.979455013066590e-08 3.410355168555289e+04
2.025562443406049e-08 3.489792498490339e+04
2.072743853764491e-08 3.571080159338371e+04
2.121024260350207e-08 3.654261250739379e+04
2.170429262073836e-08 3.739379876248049e+04
2.220985054121243e-08 3.826481166717710e+04
2.272718441842558e-08 3.915611304228947e+04
2.325656854964723e-08 4.006817546575588e+04
2.379828362135098e-08 4.100148252321008e+04
2.435261685803830e-08 4.195652906438072e+04
2.491986217452874e-08 4.293382146546306e+04
2.550032033179748e-08 4.393387789760155e+04
2.609429909644278e-08 4.495722860162659e+04
2.670211340386790e-08 4.600441616919016e+04
2.732408552526400e-08 4.707599583044996e+04
2.796054523848263e-08 4.817253574845441e+04
2.861183000288826e-08 4.929461732038442e+04
2.927828513828378e-08 5.044283548581213e+04
2.996026400800353e-08 5.161779904213934e+04
3.065812820627129e-08 5.282013096738363e+04
3.137224774992233e-08 5.405046875048260e+04
3.210300127459115e-08 5.530946472929179e+04
3.285077623546923e-08 5.659778643645555e+04
3.361596911273878e-08 5.791611695333361e+04
3.439898562179186e-08 5.926515527217199e+04
3.520024092834601e-08 6.064561666670896e+04
3.602015986857064e-08 6.205823307141396e+04
3.685917717434077e-08 6.350375346955955e+04
3.771773770373762e-08 6.498294429033215e+04
3.859629667691827e-08 6.649658981519288e+04
3.949531991747940e-08 6.804549259370303e+04
4.041528409944314e-08 6.963047386903520e+04
4.135667699999594e-08 7.125237401339556e+04
4.231999775811447e-08 7.291205297358756e+04
4.330575713921574e-08 7.461039072695473e+04
4.431447780597168e-08 7.634828774794206e+04
4.534669459543181e-08 7.812666548552566e+04
4.640295480260088e-08 7.994646685176218e+04
4.748381847062203e-08 8.180865672171777e+04
4.858985868771894e-08 8.371422244504077e+04
4.972166189105489e-08 8.566417436945126e+04
5.087982817766946e-08 8.765954637642218e+04
5.206497162265799e-08 8.970139642933857e+04
5.327772060476222e-08 9.179080713442381e+04
5.451871813954510e-08 9.392888631473169e+04
5.578862222032611e-08 9.611676759750667e+04
5.708810616705805e-08 9.835561101522604e+04
5.841785898333017e-08 1.006466036206405e+05
5.977858572168704e-08 1.029909601161407e+05
6.117100785745666e-08 1.053899234977827e+05
6.259586367128632e-08 1.078447657143134e+05
6.405390864058870e-08 1.103567883415465e+05
6.554591584010602e-08 1.129273232724455e+05
6.707267635180454e-08 1.155577334232801e+05
6.863499968431662e-08 1.182494134562288e+05
7.023371420215294e-08 1.210037905188145e+05
7.186966756491234e-08 1.238223250005599e+05
7.354372717672216e-08 1.267065113072692e+05
7.525678064614740e-08 1.296578786533416e+05
7.700973625681247e-08 1.326779918725404e+05
7.880352344898530e-08 1.357684522476454e+05
8.063909331237870e-08 1.389308983594295e+05
8.251741909043091e-08 1.421670069554087e+05
8.443949669633201e-08 1.454784938388259e+05
8.640634524107040e-08 1.488671147783419e+05
8.841900757377880e-08 1.523346664389119e+05
9.047855083466671e-08 1.558829873343450e+05
9.258606702083239e-08 1.595139588020493e+05
9.474267356525397e-08 1.632295060004794e+05
9.694951392926739e-08 1.670315989298158e+05
9.920775820884464e-08 1.709222534764173e+05
1.015186037549941e-07 1.749035324815990e+05
1.038832758086121e-07 1.789775468353035e+05
1.063030281501215e-07 1.831464565952443e+05
1.087791437642430e-07 1.874124721321150e+05
1.113129355202505e-07 1.917778553014718e+05
1.139057468680717e-07 1.962449206429089e+05
1.165589525506032e-07 2.008160366071641e+05
1.192739593326171e-07 2.054936268118042e+05
1.220522067466467e-07 2.102801713261565e+05
1.248951678562453e-07 2.151782079861654e+05
1.278043500370242e-07 2.201903337398744e+05
1.307812957758834e-07 2.253192060242438e+05
1.338275834888580e-07 2.305675441740344e+05
1.369448283580159e-07 2.359381308635052e+05
1.401346831878483e-07 2.414338135816887e+05
1.433988392816087e-07 2.470575061420242e+05
1.467390273380642e-07 2.528121902271514e+05
1.501570183691350e-07 2.587009169696821e+05
1.536546246389083e-07 2.647268085697874e+05
1.572337006245245e-07 2.708930599504582e+05
1.608961439994459e-07 2.772029404513178e+05
1.646438966396280e-07 2.836597955618787e+05
1.684789456531280e-07 2.902670486951715e+05
1.724033244336958e-07 2.970282030026772e+05
1.764191137389062e-07 3.039468432315282e+05
1.805284427934039e-07 3.110266376249634e+05
1.847334904178471e-07 3.182713398670445e+05
1.890364861841467e-07 3.256847910726591e+05
1.934397115976149e-07 3.332709218238736e+05
1.979455013066493e-07 3.410337542537080e+05
2.025562443405950e-07 3.489774041784391e+05
2.072743853764389e-07 3.571060832795644e+05
2.121024260350103e-07 3.654241013365798e+05
2.170429262073729e-07 3.739358685117554e+05
2.220985054121134e-07 3.826458976881198e+05
2.272718441842447e-07 3.915588068618943e+05
2.325656854964609e-07 4.006793215906395e+05
2.379828362134982e-07 4.100122774984176e+05
2.435261685803710e-07 4.195626228392926e+05
2.491986217452751e-07 4.293354211205317e+05
2.550032033179622e-07 4.393358537868916e+05
2.609429909644150e-07 4.495692229674200e+05
2.670211340386658e-07 4.600409542862190e+05
2.732408552526266e-07 4.707565997386669e+05
2.796054523848125e-07 4.817218406346188e+05
2.861183000288686e-07 4.929424906101438e+05
2.927828513828234e-07 5.044244987094007e+05
2.996026400800205e-07 5.161739525382762e+05
3.065812820626979e-07 5.281970814914652e+05
3.137224774992078e-07 5.405002600546954e+05
3.210300127458958e-07 5.530900111838522e+05
3.285077623546762e-07 5.659730097627877e+05
3.361596911273713e-07 5.791560861416507e+05
3.439898562179017e-07 5.926462297576086e+05
3.520024092834428e-07 6.064505928398845e+05
3.602015986856888e-07 6.205764942010611e+05
3.685917717433896e-07 6.350314231166758e+05
3.771773770373577e-07 6.498230432951463e+05
3.859629667691637e-07 6.649591969401393e+05
3.949531991747746e-07 6.804479089075311e+05
4.041528409944117e-07 6.962973909591608e+05
4.135667699999391e-07 7.125160461156324e+05
4.231999775811238e-07 7.291124731104674e+05
4.330575713921361e-07 7.460954709479667e+05
4.431447780596951e-07 7.634740435672017e+05
4.534669459542958e-07 7.812574046145977e+05
4.640295480259862e-07 7.994549823276412e+05
4.748381847061971e-07 8.180764245322933e+05
4.858985868771655e-07 8.371316037567626e+05
4.972166189105245e-07 8.566306224643363e+05
5.087982817766697e-07 8.765838184080503e+05
5.206497162265544e-07 8.970017701100246e+05
5.327772060475961e-07 9.178953024683696e+05
5.451871813954243e-07 9.392754924946345e+05
5.578862222032337e-07 9.611536751848288e+05
5.708810616705524e-07 9.835414495271348e+05
5.841785898332731e-07 1.006450684649476e+06
5.977858572168410e-07 1.029893526110219e+06
6.117100785745367e-07 1.053882402335310e+06
6.259586367128325e-07 1.078430031205288e+06
6.405390864058555e-07 1.103549426795624e+06
6.554591584010281e-07 1.129253906273989e+06
6.707267635180125e-07 1.155557096958073e+06
6.863499968431325e-07 1.182472943537708e+06
7.023371420214948e-07 1.210015715465120e+06
7.186966756490880e-07 1.238200014517192e+06
7.354372717671856e-07 1.267040782533787e+06
7.525678064614370e-07 1.296553309336183e+06
7.700973625680870e-07 1.326753240829832e+06
7.880352344898142e-07 1.357656587295732e+06
8.063909331237473e-07 1.389279731874779e+06
8.251741909042686e-07 1.421639439249623e+06
8.443949669632788e-07 1.454752864528580e+06
8.640634524106617e-07 1.488637562336331e+06
8.841900757377446e-07 1.523311496116206e+06
9.047855083466228e-07 1.558793047648967e+06
9.258606702082785e-07 1.595101026793145e+06
9.474267356524931e-07 1.632254681452055e+06
9.694951392926264e-07 1.670273707772783e+06
9.920775820883978e-07 1.709178260582536e+06
1.015186037549891e-06 1.748988964067855e+06
1.038832758086070e-06 1.789726922702367e+06
1.063030281501163e-06 1.831413732428832e+06
1.087791437642377e-06 1.874071492101401e+06
1.113129355202450e-06 1.917722815194154e+06
1.139057468680661e-06 1.962390841782070e+06
1.165589525505975e-06 2.008099250800801e+06
1.192739593326113e-06 2.054872272591710e+06
1.220522067466407e-06 2.102734701738801e+06
1.248951678562392e-06 2.151711910204343e+06
1.278043500370180e-06 2.201829860770109e+06
1.307812957758770e-06 2.253115120791346e+06
1.338275834888514e-06 2.305594876270745e+06
1.369448283580091e-06 2.359296946259826e+06
1.401346831878414e-06 2.414249797595385e+06
1.433988392816016e-06 2.470482559978744e+06
1.467390273380570e-06 2.528025041405804e+06
1.501570183691277e-06 2.586907743956028e+06
1.536546246389007e-06 2.647161879948700e+06
1.572337006245168e-06 2.708819388475001e+06
1.608961439994379e-06 2.771912952314616e+06
1.646438966396199e-06 2.836476015245807e+06
1.684789456531197e-06 2.902542799758106e+06
1.724033244336874e-06 2.970148325176943e+06
1.764191137388975e-06 3.039328426209822e+06
1.805284427933951e-06 3.110119771923798e+06
1.847334904178380e-06 3.182559885164266e+06
1.890364861841375e-06 3.256687162425346e+06
1.934397115976053e-06 3.332540894182300e+06
1.979455013066396e-06 3.410161285696745e+06
2.025562443405850e-06 3.489589478305615e+06
2.072743853764287e-06 3.570867571205093e+06
2.121024260349998e-06 3.654038643741030e+06
2.170429262073622e-06 3.739146778217574e+06
2.220985054121025e-06 3.826237083236041e+06
2.272718441842335e-06 3.915355717576340e+06
2.325656854964495e-06 4.006549914633537e+06
2.379828362134864e-06 4.099868007422404e+06
2.435261685803590e-06 4.195359454163196e+06
2.491986217452629e-06 4.293074864462049e+06
2.550032033179497e-06 4.393066026099860e+06
2.609429909644022e-06 4.495385932443725e+06
2.670211340386528e-06 4.600088810495353e+06
2.732408552526132e-06 4.707230149591289e+06
2.796054523847988e-06 4.816866730769951e+06
2.861183000288546e-06 4.929056656821049e+06
2.927828513828090e-06 5.043859383033095e+06
2.996026400800058e-06 5.161335748655272e+06
3.065812820626828e-06 5.281548009090145e+06
3.137224774991924e-06 5.404559868834168e+06
3.210300127458800e-06 5.530436515183323e+06
3.285077623546600e-06 5.659244652721604e+06
3.361596911273548e-06 5.791052538610423e+06
3.439898562178848e-06 5.925930018697587e+06
3.520024092834256e-06 6.063948564464724e+06
3.602015986856710e-06 6.205181310832602e+06
3.685917717433715e-06 6.349703094844205e+06
3.771773770373392e-06 6.497590495245846e+06
3.859629667691449e-06 6.648921872987151e+06
3.949531991747553e-06 6.803777412661082e+06
4.041528409943918e-06 6.962239164905843e+06
4.135667699999188e-06 7.124391089790829e+06
4.231999775811032e-06 7.290319101209409e+06
4.330575713921148e-06 7.460111112301813e+06
4.431447780596733e-06 7.633857081931940e+06
4.534669459542736e-06 7.811649062242427e+06
4.640295480259634e-06 7.993581247312861e+06
4.748381847061738e-06 8.179750022946734e+06
4.858985868771417e-06 8.370254017613025e+06
4.972166189105001e-06 8.565194154569263e+06
5.087982817766447e-06 8.764673705193203e+06
5.206497162265289e-06 8.968798343551084e+06
5.327772060475700e-06 9.177676202230960e+06
5.451871813953975e-06 9.391417929470384e+06
5.578862222032062e-06 9.610136747608129e+06
5.708810616705245e-06 9.833948512890678e+06
5.841785898332443e-06 1.006297177666456e+07
5.977858572168117e-06 1.029732784798657e+07
6.117100785745065e-06 1.053714085768448e+07
6.259586367128018e-06 1.078253782390174e+07
6.405390864058241e-06 1.103364871916022e+07
6.554591584009959e-06 1.129060653897613e+07
6.707267635179796e-06 1.155354737206465e+07
6.863499968430987e-06 1.182261047217005e+07
7.023371420214603e-06 1.209793833155853e+07
7.186966756490528e-06 1.237967675621210e+07
7.354372717671494e-06 1.266797494276259e+07
7.525678064614000e-06 1.296298555720584e+07
7.700973625680493e-06 1.326486481543689e+07
7.880352344897756e-06 1.357377256564800e+07
8.063909331237076e-06 1.388987237263244e+07
8.251741909042279e-06 1.421333160403754e+07
8.443949669632374e-06 1.454432151861197e+07
8.640634524106193e-06 1.488301735649287e+07
8.841900757377011e-06 1.522959843157952e+07
9.047855083465782e-06 1.558424822604174e+07
9.258606702082330e-06 1.594715448701135e+07
9.474267356524468e-06 1.631850932550737e+07
9.694951392925788e-06 1.669850931764549e+07
9.920775820883490e-06 1.708735560818451e+07
1.015186037549842e-05 1.748525401646300e+07
1.038832758086019e-05 1.789241514478093e+07
1.063030281501110e-05 1.830905448928211e+07
1.087791437642323e-05 1.873539255339453e+07
1.113129355202396e-05 1.917165496388726e+07
1.139057468680605e-05 1.961807258960316e+07
1.165589525505918e-05 2.007488166292895e+07
1.192739593326054e-05 2.054232390406478e+07
1.220522067466347e-05 2.102064664815711e+07
1.248951678562330e-05 2.151010297536024e+07
1.278043500370117e-05 2.201095184389306e+07
1.307812957758705e-05 2.252345822615921e+07
1.338275834888448e-05 2.304789324800041e+07
1.369448283580024e-05 2.358453433115394e+07
1.401346831878345e-05 2.413366533898734e+07
1.433988392815946e-05 2.469557672558446e+07
1.467390273380498e-05 2.527056568825914e+07
1.501570183691203e-05 2.585893632357400e+07
1.536546246388932e-05 2.646099978694393e+07
1.572337006245090e-05 2.707707445590543e+07
1.608961439994301e-05 2.770748609713456e+07
1.646438966396118e-05 2.835256803729862e+07
1.684789456531115e-05 2.901266133782772e+07
1.724033244336789e-05 2.968811497369524e+07
1.764191137388889e-05 3.037928601629723e+07
1.805284427933862e-05 3.108653982052336e+07
1.847334904178290e-05 3.181025021611379e+07
1.890364861841282e-05 3.255079970339839e+07
1.934397115975959e-05 3.330857965351693e+07
1.979455013066299e-05 3.408399051322091e+07
2.025562443405751e-05 3.487744201435981e+07
2.072743853764186e-05 3.568935338815682e+07
2.121024260349894e-05 3.652015358438180e+07
2.170429262073516e-05 3.737028149553021e+07
2.220985054120916e-05 3.824018618612079e+07
2.272718441842224e-05 3.913032712722636e+07
2.325656854964381e-05 4.004117443635353e+07
2.379828362134748e-05 4.097320912279206e+07
2.435261685803471e-05 4.192692333855458e+07
2.491986217452506e-05 4.290282063503122e+07
2.550032033179372e-05 4.390141622548696e+07
2.609429909643894e-05 4.492323725353004e+07
2.670211340386397e-05 4.596882306768510e+07
2.732408552525998e-05 4.703872550220535e+07
2.796054523847851e-05 4.813350916426205e+07
2.861183000288405e-05 4.925375172765245e+07
2.927828513827947e-05 5.040004423316937e+07
2.996026400799911e-05 5.157299139577948e+07
3.065812820626678e-05 5.277321191876027e+07
3.137224774991771e-05 5.400133881494793e+07
3.210300127458643e-05 5.525801973525281e+07
3.285077623546440e-05 5.654391730460095e+07
3.361596911273383e-05 5.785970946546456e+07
3.439898562178679e-05 5.920608982914681e+07
3.520024092834082e-05 6.058376803499004e+07
3.602015986856534e-05 6.199347011767965e+07
3.685917717433534e-05 6.343593888281964e+07
3.771773770373206e-05 6.491193429095897e+07
3.859629667691258e-05 6.642223385025190e+07
3.949531991747359e-05 6.796763301793827e+07
4.041528409943719e-05 6.954894561083449e+07
4.135667699998984e-05 7.116700422502835e+07
4.231999775810823e-05 7.282266066497603e+07
4.330575713920936e-05 7.451678638220216e+07
4.431447780596516e-05 7.625027292380828e+07
4.534669459542513e-05 7.802403239099950e+07
4.640295480259405e-05 7.983899790784118e+07
4.748381847061505e-05 8.169612410046470e+07
4.858985868771179e-05 8.359638758694181e+07
4.972166189104757e-05 8.554078747805415e+07
5.087982817766198e-05 8.753034588918684e+07
5.206497162265033e-05 8.956610846358000e+07
5.327772060475438e-05 9.164914490717658e+07
5.451871813953708e-05 9.378054953530815e+07
5.578862222031789e-05 9.596144183146620e+07
5.708810616704963e-05 9.819296701840885e+07
5.841785898332157e-05 1.004762966418594e+08
5.977858572167823e-05 1.028126291670564e+08
6.117100785744764e-05 1.052031905884190e+08
6.259586367127709e-05 1.076492350525972e+08
6.405390864057927e-05 1.101520454951811e+08
6.554591584009638e-05 1.127129342913446e+08
6.707267635179466e-05 1.153332439207099e+08
6.863499968430651e-05 1.180143476467170e+08
7.023371420214259e-05 1.207576502107912e+08
7.186966756490175e-05 1.235645885416062e+08
7.354372717671134e-05 1.264366324797423e+08
7.525678064613632e-05 1.293752855180459e+08
7.700973625680115e-05 1.323820855580024e+08
7.880352344897368e-05 1.354586056824355e+08
8.063909331236682e-05 1.386064549448547e+08
8.251741909041875e-05 1.418272791757733e+08
8.443949669631959e-05 1.451227618063283e+08
8.640634524105767e-05 1.484946247095344e+08
8.841900757376577e-05 1.519446290595097e+08
9.047855083465340e-05 1.554745762090181e+08
9.258606702081876e-05 1.590863085856725e+08
9.474267356524002e-05 1.627817106071526e+08
9.694951392925310e-05 1.665627096157919e+08
9.920775820883003e-05 1.704312768328940e+08
1.015186037549792e-04 1.743894283331424e+08
1.038832758085968e-04 1.784392260394725e+08
1.063030281501058e-04 1.825827787387767e+08
1.087791437642270e-04 1.868222431188194e+08
1.113129355202341e-04 1.911598248267411e+08
1.139057468680550e-04 1.955977795495341e+08
1.165589525505860e-04 2.001384141168781e+08
1.192739593325996e-04 2.047840876267214e+08
1.220522067466287e-04 2.095372125940054e+08
1.248951678562269e-04 2.144002561229223e+08
1.278043500370054e-04 2.193757411031084e+08
1.307812957758641e-04 2.244662474301686e+08
1.338275834888383e-04 2.296744132509397e+08
1.369448283579957e-04 2.350029362338890e+08
1.401346831878276e-04 2.404545748650606e+08
1.433988392815876e-04 2.460321497699717e+08
1.467390273380426e-04 2.517385450618649e+08
1.501570183691129e-04 2.575767097167269e+08
1.536546246388856e-04 2.635496589754791e+08
1.572337006245013e-04 2.696604757737457e+08
1.608961439994222e-04 2.759123121996071e+08
1.646438966396037e-04 2.823083909797410e+08
1.684789456531032e-04 2.888520069943528e+08
1.724033244336704e-04 2.955465288212980e+08
1.764191137388802e-04 3.023954003097876e+08
1.805284427933773e-04 3.094021421840732e+08
1.847334904178199e-04 3.165703536774963e+08
1.890364861841189e-04 3.239037141972883e+08
1.934397115975864e-04 3.314059850204912e+08
1.979455013066201e-04 3.390810110213742e+08
2.025562443405652e-04 3.469327224307061e+08
2.072743853764084e-04 3.549651366272323e+08
2.121024260349790e-04 3.631823599617068e+08
2.170429262073409e-04 3.715885896138063e+08
2.220985054120807e-04 3.801881154822460e+08
2.272718441842112e-04 3.889853221084123e+08
2.325656854964267e-04 3.979846906337938e+08
2.379828362134631e-04 4.071908007915009e+08
2.435261685803352e-04 4.166083329321246e+08
2.491986217452384e-04 4.262420700841835e+08
2.550032033179247e-04 4.360969000493774e+08
2.609429909643766e-04 4.461778175328528e+08
2.670211340386265e-04 4.564899263086528e+08
2.732408552525864e-04 4.670384414205095e+08
2.796054523847714e-04 4.778286914180999e+08
2.861183000288265e-04 4.888661206288671e+08
2.927828513827803e-04 5.001562914654689e+08
2.996026400799764e-04 5.117048867688882e+08
3.065812820626527e-04 5.235177121872016e+08
3.137224774991616e-04 5.356006985899686e+08
3.210300127458485e-04 5.479599045181538e+08
3.285077623546278e-04 5.606015186694628e+08
3.361596911273218e-04 5.735318624189208e+08
3.439898562178511e-04 5.867573923744699e+08
3.520024092833910e-04 6.002847029673175e+08
3.602015986856357e-04 6.141205290767046e+08
3.685917717433353e-04 6.282717486887121e+08
3.771773770373022e-04 6.427453855886474e+08
3.859629667691069e-04 6.575486120865045e+08
3.949531991747165e-04 6.726887517749071e+08
4.041528409943521e-04 6.881732823188690e+08
4.135667699998783e-04 7.040098382766434e+08
4.231999775810616e-04 7.202062139508221e+08
4.330575713920723e-04 7.367703662687852e+08
4.431447780596298e-04 7.537104176914897e+08
4.534669459542290e-04 7.710346591494855e+08
4.640295480259179e-04 7.887515530049616e+08
4.748381847061271e-04 8.068697360384947e+08
4.858985868770940e-04 8.253980224590589e+08
4.972166189104512e-04 8.443454069357505e+08
5.087982817765949e-04 8.637210676495233e+08
5.206497162264777e-04 8.835343693631185e+08
5.327772060475177e-04 9.037948665072184e+08
5.451871813953440e-04 9.245123062806933e+08
5.578862222031514e-04 9.456966317626772e+08
5.708810616704684e-04 9.673579850340036e+08
5.841785898331870e-04 9.895067103053919e+08
5.977858572167530e-04 1.012153357049563e+09
6.117100785744463e-04 1.035308683134281e+09
6.259586367127403e-04 1.058983657953106e+09
6.405390864057612e-04 1.083189465550437e+09
6.554591584009315e-04 1.107937507737171e+09
6.707267635179138e-04 1.133239407193116e+09
6.863499968430313e-04 1.159107010551980e+09
7.023371420213912e-04 1.185552391464570e+09
7.186966756489822e-04 1.212587853635475e+09
7.354372717670772e-04 1.240225933828317e+09
7.525678064613263e-04 1.268479404834255e+09
7.700973625679737e-04 1.297361278398184e+09
7.880352344896982e-04 1.326884808096702e+09
8.063909331236286e-04 1.357063492161570e+09
8.251741909041469e-04 1.387911076242056e+09
8.443949669631543e-04 1.419441556099131e+09
8.640634524105344e-04 1.451669180224123e+09
8.841900757376144e-04 1.484608452373995e+09
9.047855083464894e-04 1.518274134014993e+09
9.258606702081421e-04 1.552681246665941e+09
9.474267356523535e-04 1.587845074131991e+09
9.694951392924836e-04 1.623781164619135e+09
9.920775820882516e-04 1.660505332719271e+09
1.015186037549742e-03 1.698033661255080e+09
1.038832758085917e-03 1.736382502973363e+09
1.063030281501006e-03 1.775568482074969e+09
1.087791437642217e-03 1.815608495568748e+09
1.113129355202287e-03 1.856519714436390e+09
1.139057468680494e-03 1.898319584594290e+09
1.165589525505803e-03 1.941025827637905e+09
1.192739593325937e-03 1.984656441353343e+09
1.220522067466227e-03 2.029229699980152e+09
1.248951678562208e-03 2.074764154208516e+09
1.278043500369992e-03 2.121278630893191e+09
1.307812957758577e-03 2.168792232465738e+09
1.338275834888317e-03 2.217324336025646e+09
1.369448283579890e-03 2.266894592090082e+09
1.401346831878208e-03 2.317522922980980e+09
1.433988392815805e-03 2.369229520827265e+09
1.467390273380354e-03 2.422034845158904e+09
1.501570183691055e-03 2.475959620068445e+09
1.536546246388781e-03 2.531024830914591e+09
1.572337006244936e-03 2.587251720541194e+09
1.608961439994143e-03 2.644661784983881e+09
1.646438966395957e-03 2.703276768635253e+09
1.684789456530949e-03 2.763118658838385e+09
1.724033244336620e-03 2.824209679876956e+09
1.764191137388715e-03 2.886572286329062e+09
1.805284427933685e-03 2.950229155750267e+09
1.847334904178108e-03 3.015203180650056e+09
1.890364861841096e-03 3.081517459724345e+09
1.934397115975769e-03 3.149195288305140e+09
1.979455013066104e-03 3.218260147986834e+09
2.025562443405553e-03 3.288735695387057e+09
2.072743853763982e-03 3.360645749998230e+09
2.121024260349686e-03 3.434014281084303e+09
2.170429262073303e-03 3.508865393575362e+09
2.220985054120697e-03 3.585223312910959e+09
2.272718441842000e-03 3.663112368781201e+09
2.325656854964152e-03 3.742556977712683e+09
2.379828362134514e-03 3.823581624444409e+09
2.435261685803232e-03 3.906210842036911e+09
2.491986217452262e-03 3.990469190655683e+09
2.550032033179122e-03 4.076381234968065e+09
2.609429909643638e-03 4.163971520090543e+09
2.670211340386135e-03 4.253264546021400e+09
2.732408552525730e-03 4.344284740491463e+09
2.796054523847577e-03 4.437056430163509e+09
2.861183000288124e-03 4.531603810108808e+09
2.927828513827659e-03 4.627950911486974e+09
2.996026400799617e-03 4.726121567353226e+09
3.065812820626377e-03 4.826139376514870e+09
3.137224774991463e-03 4.928027665356717e+09
3.210300127458327e-03 5.031809447552984e+09
3.285077623546117e-03 5.137507381580997e+09
3.361596911273054e-03 5.245143725950175e+09
3.439898562178341e-03 5.354740292057395e+09
3.520024092833737e-03 5.466318394578208e+09
3.602015986856181e-03 5.579898799301239e+09
3.685917717433173e-03 5.695501668311455e+09
3.771773770372835e-03 5.813146502426188e+09
3.859629667690879e-03 5.932852080786359e+09
3.949531991746971e-03 6.054636397503817e+09
4.041528409943323e-03 6.178516595264565e+09
4.135667699998579e-03 6.304508895786537e+09
4.231999775810407e-03 6.432628527029826e+09
4.330575713920510e-03 6.562889647056618e+09
4.431447780596080e-03 6.695305264437856e+09
4.534669459542067e-03 6.829887155103618e+09
4.640295480258951e-03 6.966645775534598e+09
4.748381847061038e-03 7.105590172192797e+09
4.858985868770702e-03 7.246727887090725e+09
4.972166189104269e-03 7.390064859400006e+09
5.087982817765698e-03 7.535605323002530e+09
5.206497162264522e-03 7.683351699889955e+09
5.327772060474915e-03 7.833304489320666e+09
5.451871813953172e-03 7.985462152647534e+09
5.578862222031242e-03 8.139820993734298e+09
5.708810616704404e-03 8.296375034884237e+09
5.841785898331582e-03 8.455115888211237e+09
5.977858572167236e-03 8.616032622390533e+09
6.117100785744165e-03 8.779111624735291e+09
6.259586367127096e-03 8.944336458554398e+09
6.405390864057298e-03 9.111687715757973e+09
6.554591584008994e-03 9.281142864688889e+09
6.707267635178808e-03 9.452676093172489e+09
6.863499968429976e-03 9.626258146791386e+09
7.023371420213569e-03 9.801856162409231e+09
7.186966756489470e-03 9.979433496985575e+09
7.354372717670412e-03 1.015894955174422e+10
7.525678064612892e-03 1.034035959178004e+10
7.700973625679358e-03 1.052361456121332e+10
7.880352344896596e-03 1.070866089402773e+10
8.063909331235890e-03 1.089544032075696e+10
8.251741909041066e-03 1.108388967121688e+10
8.443949669631131e-03 1.127394067351446e+10
8.640634524104920e-03 1.146551974960219e+10
8.841900757375709e-03 1.165854780768673e+10
9.047855083464451e-03 1.185294003184457e+10
9.258606702080965e-03 1.204860566924410e+10
9.474267356523071e-03 1.224544781542401e+10
9.694951392924360e-03 1.244336319813227e+10
9.920775820882029e-03 1.264224196028782e+10
1.015186037549692e-02 1.284196744268921e+10
1.038832758085866e-02 1.304241596716059e+10
1.063030281500954e-02 1.324345662089609e+10
1.087791437642163e-02 1.344495104283821e+10
1.113129355202232e-02 1.364675321300575e+10
1.139057468680438e-02 1.384870924577045e+10
1.165589525505746e-02 1.405065718817053e+10
1.192739593325878e-02 1.425242682444280e+10
1.220522067466167e-02 1.445383948805280e+10
1.248951678562146e-02 1.465470788260604e+10
1.278043500369929e-02 1.485483591313029e+10
1.307812957758513e-02 1.505401852933117e+10
1.338275834888251e-02 1.525204158253948e+10
1.369448283579823e-02 1.544868169818892e+10
1.401346831878139e-02 1.564370616578724e+10
1.433988392815735e-02 1.583687284847039e+10
1.467390273380282e-02 1.602793011436001e+10
1.501570183690982e-02 1.621661679207590e+10
1.536546246388706e-02 1.640266215288924e+10
1.572337006244858e-02 1.658578592213553e+10
1.608961439994064e-02 1.676569832263995e+10
1.646438966395876e-02 1.694210015303872e+10
1.684789456530867e-02 1.711468290400904e+10
1.724033244336536e-02 1.728312891554264e+10
1.764191137388629e-02 1.744711157851578e+10
1.805284427933596e-02 1.760629558391613e+10
1.847334904178018e-02 1.776033722318491e+10
1.890364861841004e-02 1.790888474321645e+10
1.934397115975674e-02 1.805157875962562e+10
1.979455013066007e-02 1.818805273194220e+10
2.025562443405453e-02 1.831793350441810e+10
2.072743853763881e-02 1.844084191613283e+10
2.121024260349582e-02 1.855639348405404e+10
2.170429262073196e-02 1.866419916264464e+10
2.220985054120589e-02 1.876386618350628e+10
2.272718441841889e-02 1.885499897840227e+10
2.325656854964038e-02 1.893720018880799e+10
2.379828362134398e-02 1.901007176488860e+10
2.435261685803112e-02 1.907321615649548e+10
2.491986217452139e-02 1.912623759840031e+10
2.550032033178997e-02 1.916874349154246e+10
2.609429909643509e-02 1.920034588154570e+10
2.670211340386004e-02 1.922066303516006e+10
2.732408552525595e-02 1.922932111459590e+10
2.796054523847439e-02 1.922595594893861e+10
2.861183000287984e-02 1.921021490095603e+10
2.927828513827516e-02 1.918175882663541e+10
2.996026400799470e-02 1.914026412370818e+10
3.065812820626226e-02 1.908542486423795e+10
3.137224774991309e-02 1.901695500506026e+10
3.210300127458170e-02 1.893459066847076e+10
3.285077623545956e-02 1.883809248406752e+10
3.361596911272888e-02 1.872724798106716e+10
3.439898562178172e-02 1.860187401874015e+10
3.520024092833565e-02 1.846181924086135e+10
3.602015986856004e-02 1.830696653825877e+10
3.685917717432992e-02 1.813723550168476e+10
3.771773770372652e-02 1.795258484535189e+10
3.859629667690691e-02 1.775301477959095e+10
3.949531991746778e-02 1.753856930923598e+10
4.041528409943123e-02 1.730933843254747e+10
4.135667699998376e-02 1.706546021379232e+10
4.231999775810200e-02 1.680712270104598e+10
4.330575713920298e-02 1.653456565941547e+10
4.431447780595862e-02 1.624808208874969e+10
4.534669459541846e-02 1.594801949405800e+10
4.640295480258722e-02 1.563478087635370e+10
4.748381847060804e-02 1.530882541153174e+10
4.858985868770464e-02 1.497066878523472e+10
4.972166189104024e-02 1.462088315251560e+10
5.087982817765448e-02 1.426009669251864e+10
5.206497162264267e-02 1.388899273042273e+10
5.327772060474653e-02 1.350830840156451e+10
5.451871813952904e-02 1.311883283601516e+10
5.578862222030968e-02 1.272140484594810e+10
5.708810616704123e-02 1.231691010291529e+10
5.841785898331297e-02 1.190627779763998e+10
5.977858572166943e-02 1.149047678111426e+10
6.117100785743865e-02 1.107051119261489e+10
6.259586367126788e-02 1.064741558766064e+10
6.405390864056984e-02 1.022224958684203e+10
6.554591584008672e-02 9.796092074752251e+09
6.707267635178479e-02 9.370034986804667e+09
6.863499968429640e-02 8.945176730386189e+09
7.023371420213224e-02 8.522615295390162e+09
7.186966756489117e-02 8.103441117508738e+09
7.354372717670050e-02 7.688729765533507e+09
7.525678064612525e-02 7.279534531100050e+09
7.700973625678981e-02 6.876879005594154e+09
7.880352344896208e-02 6.481749734095576e+09
8.063909331235494e-02 6.095089040057305e+09
8.251741909040661e-02 5.717788116709715e+09
8.443949669630715e-02 5.350680481765967e+09
8.640634524104496e-02 4.994535890749007e+09
8.841900757375273e-02 4.650054801058107e+09
9.047855083464006e-02 4.317863473688239e+09
9.258606702080513e-02 3.998509792304672e+09
9.474267356522607e-02 3.692459870207027e+09
9.694951392923884e-02 3.400095504703018e+09
9.920775820881543e-02 3.121712525719663e+09
1.015186037549642e-01 2.857520071336061e+09
1.038832758085815e-01 2.607640807608649e+09
1.063030281500902e-01 2.372112093906788e+09
1.087791437642110e-01 2.150888078354993e+09
1.113129355202177e-01 1.943842691289149e+09
1.139057468680382e-01 1.750773488298402e+09
1.165589525505689e-01 1.571406278868304e+09
1.192739593325820e-01 1.405400462281694e+09
1.220522067466108e-01 1.252354979667320e+09
1.248951678562085e-01 1.111814780270552e+09
1.278043500369866e-01 9.832776914637311e+08
1.307812957758449e-01 8.662015759620533e+08
1.338275834888186e-01 7.600116563383639e+08
1.369448283579755e-01 6.641078863313087e+08
1.401346831878070e-01 5.778722506264770e+08
1.433988392815664e-01 5.006758796839206e+08
1.467390273380210e-01 4.318858736285282e+08
1.501570183690908e-01 3.708717389736753e+08
1.536546246388630e-01 3.170113537041274e+08
1.572337006244782e-01 2.696963896319965e+08
1.608961439993984e-01 2.283371355437550e+08
1.646438966395795e-01 1.923666800294834e+08
1.684789456530784e-01 1.612444285653708e+08
1.724033244336451e-01 1.344589449466076e+08
1.764191137388542e-01 1.115301220986703e+08
1.805284427933508e-01 9.201070122359206e+07
1.847334904177927e-01 7.548717080607718e+07
1.890364861840911e-01 6.158008791477554e+07
1.934397115975579e-01 4.994387325935266e+07
1.979455013065910e-01 4.026613845258136e+07
2.025562443405353e-01 3.226660880564446e+07
2.072743853763779e-01 2.569570775891350e+07
2.121024260349478e-01 2.033286979800348e+07
2.170429262073089e-01 1.598464757058012e+07
2.220985054120480e-01 1.248267610450246e+07
2.272718441841777e-01 9.681552778426748e+06
2.325656854963924e-01 7.456686289594183e+06
2.379828362134281e-01 5.702161595525599e+06
2.435261685802993e-01 4.328660976137842e+06
2.491986217452017e-01 3.261474260845509e+06
2.550032033178872e-01 2.438624161533064e+06
2.609429909643382e-01 1.809125786817213e+06
2.670211340385872e-01 1.331392988318388e+06
2.732408552525462e-01 9.717983660482800e+05
2.796054523847302e-01 7.033886533422737e+05
2.861183000287844e-01 5.047528835607997e+05
2.927828513827372e-01 3.590372406819839e+05
2.996026400799323e-01 2.530978058604976e+05
3.065812820626076e-01 1.767804919492781e+05
3.137224774991155e-01 1.223162423096056e+05
3.210300127458012e-01 8.381897492098037e+04
3.285077623545795e-01 5.687368226272517e+04
3.361596911272723e-01 3.820245107259142e+04
3.439898562178004e-01 2.539684402403075e+04
3.520024092833391e-01 1.670599321922539e+04
3.602015986855827e-01 1.087080789943608e+04
3.685917717432811e-01 6.995822236934601e+03
3.771773770372465e-01 4.451342733489103e+03
3.859629667690500e-01 2.799651133906358e+03
3.949531991746583e-01 1.740043202980674e+03
4.041528409942927e-01 1.068413238771664e+03
4.135667699998173e-01 6.479159790025930e+02
4.231999775809993e-01 3.879471303869180e+02
4.330575713920086e-01 2.292831357858053e+02
4.431447780595646e-01 1.337167130078499e+02
4.534669459541623e-01 7.692694924692435e+01
4.640295480258495e-01 4.364280466074641e+01
4.748381847060572e-01 2.440883185851142e+01
4.858985868770224e-01 1.345355715315926e+01
4.972166189103780e-01 7.305253206088013e+00
5.087982817765199e-01 3.906521460385813e+00
5.206497162264011e-01 2.056587589083797e+00
5.327772060474393e-01 1.065486417048827e+00
5.451871813952637e-01 5.430381019634465e-01
5.578862222030694e-01 2.721626711796604e-01
5.708810616703843e-01 1.340827833421039e-01
5.841785898331010e-01 6.490677859941575e-02
5.977858572166649e-01 3.086043253412322e-02
6.117100785743564e-01 1.440545810650674e-02
6.259586367126482e-01 6.599016460599425e-03
6.405390864056669e-01 2.965295991245651e-03
6.554591584008351e-01 1.306468021441712e-03
6.707267635178150e-01 5.641207415836674e-04
6.863499968429304e-01 2.386074041319836e-04
7.023371420212879e-01 9.881561745108108e-05
7.186966756488764e-01 4.004824466592561e-05
7.354372717669689e-01 1.587592469331693e-05
7.525678064612153e-01 6.152739886592570e-06
7.700973625678603e-01 2.329931662453340e-06
7.880352344895821e-01 8.616456613693127e-07
8.063909331235097e-01 3.110179526116625e-07
8.251741909040254e-01 1.095136350100720e-07
8.443949669630300e-01 3.759464215628854e-08
8.640634524104072e-01 1.257482460681113e-08
8.841900757374842e-01 4.095749158351729e-09
9.047855083463563e-01 1.298228954989539e-09
9.258606702080056e-01 4.002032273183168e-10
9.474267356522144e-01 1.199056523209825e-10
9.694951392923409e-01 3.489316469157224e-11
9.920775820881055e-01 9.855708451004838e-12
1.015186037549592e+00 2.700103424177463e-12
1.038832758085764e+00 7.169836768952152e-13
1.063030281500849e+00 1.843989805383246e-13
1.087791437642056e+00 4.589917117646606e-14
1.113129355202123e+00 1.104885878504301e-14
1.139057468680326e+00 2.570145558007771e-15
1.165589525505632e+00 5.772704334280149e-16
1.192739593325762e+00 1.250914760952399e-16
1.220522067466048e+00 2.613004648104995e-17
1.248951678562024e+00 5.257091230031365e-18
1.278043500369803e+00 1.017803335186736e-18
1.307812957758385e+00 1.894552133597769e-19
1.338275834888120e+00 3.387473005194747e-20
1.369448283579688e+00 5.812523330501503e-21
1.401346831878001e+00 9.562174621760481e-22
1.433988392815594e+00 1.506695659888811e-22
1.467390273380138e+00 2.271617432390522e-23
1.501570183690835e+00 3.273703642626913e-24
1.536546246388555e+00 4.504860773928166e-25
1.572337006244704e+00 5.912809951432039e-26
1.608961439993906e+00 7.394329674523284e-27
1.646438966395714e+00 8.800487092310673e-28
1.684789456530701e+00 9.956733730931518e-29
1.724033244336366e+00 1.069589092439339e-29
1.764191137388456e+00 1.089638900397342e-30
1.805284427933419e+00 1.051422469208694e-31
1.847334904177836e+00 9.597362312431568e-33
1.890364861840818e+00 8.276461160494593e-34
1.934397115975484e+00 6.734117858052355e-35
1.979455013065813e+00 5.162638070415571e-36
2.025562443405254e+00 3.724050593387858e-37
2.072743853763677e+00 2.524040737121830e-38
2.121024260349374e+00 1.605031874191831e-39
2.170429262072983e+00 9.561640537580015e-41
2.220985054120371e+00 5.328224610154184e-42
2.272718441841666e+00 2.773055302097395e-43
2.325656854963810e+00 1.345765013487987e-44
2.379828362134164e+00 6.080052565949083e-46
2.435261685802874e+00 2.552989674122617e-47
2.491986217451895e+00 9.946121803060378e-49
2.550032033178746e+00 3.588918492711022e-50
2.609429909643253e+00 1.197300009827779e-51
2.670211340385741e+00 3.686195321330473e-53
2.732408552525327e+00 1.045388167412620e-54
2.796054523847165e+00 2.725647518267209e-56
2.861183000287703e+00 6.520851636561081e-58
2.927828513827228e+00 1.428602132269080e-59
2.996026400799176e+00 2.860224879682896e-61
3.065812820625925e+00 5.222275749742959e-63
3.137224774991000e+00 8.676763344704042e-65
3.210300127457855e+00 1.309000816759316e-66
3.285077623545633e+00 1.789080784582335e-68
3.361596911272558e+00 2.210185714169674e-70
3.439898562177834e+00 2.462147169555081e-72
3.520024092833219e+00 2.467399670858960e-74
3.602015986855649e+00 2.218884567688598e-76
3.685917717432630e+00 1.786093351467823e-78
3.771773770372281e+00 1.283591528181180e-80
3.859629667690311e+00 8.214018372476524e-83
3.949531991746389e+00 4.667849161485704e-85
4.041528409942727e+00 2.349141123589498e-87
4.135667699997970e+00 1.044006992212743e-89
4.231999775809784e+00 4.085469174581463e-92
4.330575713919873e+00 1.403581474531258e-94
4.431447780595428e+00 4.220592507543389e-97
4.534669459541400e+00 1.107392547657719e-99
4.640295480258267e+00 2.527219846466479e-102
4.748381847060338e+00 5.000189430869321e-105
4.858985868769986e+00 8.548457969822738e-108
4.972166189103536e+00 1.258546411627340e-110
5.087982817764949e+00 1.590078790678872e-113
5.206497162263755e+00 1.717863320129049e-116
5.327772060474131e+00 1.581232298910068e-119
5.451871813952369e+00 1.235433937390332e-122
5.578862222030421e+00 8.162103315105504e-126
5.708810616703562e+00 4.541995155863118e-129
5.841785898330723e+00 2.120396367351816e-132
5.977858572166356e+00 8.270591828546095e-136
6.117100785743264e+00 2.684029212368938e-139
6.259586367126174e+00 7.216200925681486e-143
6.405390864056355e+00 1.600283786093310e-146
6.554591584008029e+00 2.914099253087197e-150
6.707267635177821e+00 4.337476970033419e-154
6.863499968428967e+00 5.252374207667975e-158
7.023371420212534e+00 5.149586851466051e-162
7.186966756488411e+00 4.067722852855024e-166
7.354372717669329e+00 2.575768348641663e-170
7.525678064611786e+00 1.300774614206832e-174
7.700973625678224e+00 5.211327091456710e-179
7.880352344895434e+00 1.647417048287339e-183
8.063909331234703e+00 4.086684228868109e-188
8.251741909039852e+00 7.910400000148717e-193
8.443949669629886e+00 1.187889528576579e-197
8.640634524103648e+00 1.375738410301433e-202
8.841900757374408e+00 1.221377758657201e-207
9.047855083463121e+00 8.260938939213519e-213
9.258606702079604e+00 4.229824670401591e-218
9.474267356521677e+00 1.628969907349083e-223
9.694951392922933e+00 4.687271427336665e-229
9.920775820880570e+00 1.000909885595221e-234
1.015186037549543e+01 1.575144845593650e-240
1.038832758085713e+01 1.813882643403588e-246
1.063030281500798e+01 1.517405512223684e-252
1.087791437642003e+01 9.153031011665243e-259
1.113129355202068e+01 3.950851711730297e-265
1.139057468680270e+01 1.210859349992558e-271
1.165589525505574e+01 0.000000000000000e+00
1.192739593325703e+01 0.000000000000000e+00
1.220522067465988e+01 0.000000000000000e+00
1.248951678561963e+01 0.000000000000000e+00
1.278043500369741e+01 0.000000000000000e+00
1.307812957758320e+01 0.000000000000000e+00
1.338275834888054e+01 0.000000000000000e+00
1.369448283579621e+01 0.000000000000000e+00
1.401346831877932e+01 0.000000000000000e+00
1.433988392815524e+01 0.000000000000000e+00
1.467390273380066e+01 0.000000000000000e+00
1.501570183690761e+01 0.000000000000000e+00
1.536546246388480e+01 0.000000000000000e+00
1.572337006244627e+01 0.000000000000000e+00
1.608961439993827e+01 0.000000000000000e+00
1.646438966395633e+01 0.000000000000000e+00
1.684789456530619e+01 0.000000000000000e+00
1.724033244336281e+01 0.000000000000000e+00
1.764191137388369e+01 0.000000000000000e+00
1.805284427933330e+01 0.000000000000000e+00
1.847334904177746e+01 0.000000000000000e+00
1.890364861840725e+01 0.000000000000000e+00
1.934397115975389e+01 0.000000000000000e+00
1.979455013065716e+01 0.000000000000000e+00
2.025562443405154e+01 0.000000000000000e+00
2.072743853763576e+01 0.000000000000000e+00
2.121024260349270e+01 0.000000000000000e+00
2.170429262072876e+01 0.000000000000000e+00
2.220985054120262e+01 0.000000000000000e+00
2.272718441841554e+01 0.000000000000000e+00
2.325656854963696e+01 0.000000000000000e+00
2.379828362134047e+01 0.000000000000000e+00
2.435261685802754e+01 0.000000000000000e+00
2.491986217451772e+01 0.000000000000000e+00
2.550032033178621e+01 0.000000000000000e+00
2.609429909643125e+01 0.000000000000000e+00
2.670211340385610e+01 0.000000000000000e+00
2.732408552525193e+01 0.000000000000000e+00
2.796054523847028e+01 0.000000000000000e+00
2.861183000287563e+01 0.000000000000000e+00
2.927828513827084e+01 0.000000000000000e+00
2.996026400799029e+01 0.000000000000000e+00
3.065812820625774e+01 0.000000000000000e+00
3.137224774990847e+01 0.000000000000000e+00
3.210300127457698e+01 0.000000000000000e+00
3.285077623545472e+01 0.000000000000000e+00
3.361596911272393e+01 0.000000000000000e+00
3.439898562177667e+01 0.000000000000000e+00
3.520024092833046e+01 0.000000000000000e+00
3.602015986855473e+01 0.000000000000000e+00
3.685917717432449e+01 0.000000000000000e+00
3.771773770372096e+01 0.000000000000000e+00
3.859629667690123e+01 0.000000000000000e+00
3.949531991746196e+01 0.000000000000000e+00
4.041528409942529e+01 0.000000000000000e+00
4.135667699997767e+01 0.000000000000000e+00
4.231999775809560e+01 0.000000000000000e+00
4.330575713919661e+01 0.000000000000000e+00
4.431447780595229e+01 0.000000000000000e+00
4.534669459541178e+01 0.000000000000000e+00
4.640295480258021e+01 0.000000000000000e+00
4.748381847060106e+01 0.000000000000000e+00
4.858985868769768e+01 0.000000000000000e+00
4.972166189103292e+01 0.000000000000000e+00
5.087982817764679e+01 0.000000000000000e+00
5.206497162263500e+01 0.000000000000000e+00
5.327772060473891e+01 0.000000000000000e+00
5.451871813952102e+01 0.000000000000000e+00
5.578862222030124e+01 0.000000000000000e+00
5.708810616703283e+01 0.000000000000000e+00
5.841785898330460e+01 0.000000000000000e+00
5.977858572166063e+01 0.000000000000000e+00
6.117100785742939e+01 0.000000000000000e+00
6.259586367125867e+01 0.000000000000000e+00
6.405390864056066e+01 0.000000000000000e+00
6.554591584007707e+01 0.000000000000000e+00
6.707267635177465e+01 0.000000000000000e+00
6.863499968428629e+01 0.000000000000000e+00
7.023371420212219e+01 0.000000000000000e+00
7.186966756488059e+01 0.000000000000000e+00
7.354372717668937e+01 0.000000000000000e+00
7.525678064611415e+01 0.000000000000000e+00
7.700973625677879e+01 0.000000000000000e+00
7.880352344895049e+01 0.000000000000000e+00
8.063909331234274e+01 0.000000000000000e+00
8.251741909039444e+01 0.000000000000000e+00
8.443949669629508e+01 0.000000000000000e+00
8.640634524103224e+01 0.000000000000000e+00
8.841900757373938e+01 0.000000000000000e+00
9.047855083462674e+01 0.000000000000000e+00
9.258606702079186e+01 0.000000000000000e+00
9.474267356521212e+01 0.000000000000000e+00
9.694951392922418e+01 0.000000000000000e+00
9.920775820880080e+01 0.000000000000000e+00
