6.044487427466152e+15 5.552646254405753e+28
6.507297742610140e+15 4.926839474462960e+28
7.005544211832367e+15 4.371563772474507e+28
7.541940087138604e+15 3.878869996854254e+28
8.119406367019493e+15 3.441704899109727e+28
8.741087703045968e+15 3.053810161764227e+28
9.410369524390378e+15 2.709632806260283e+28
1.013089647352661e+16 2.404245698272332e+28
1.090659225350269e+16 2.133277012407768e+28
1.174168099486624e+16 1.892847646535305e+28
1.264071025859856e+16 1.679515689783934e+28
1.360857580032213e+16 1.490227149233899e+28
1.465054823063756e+16 1.322272229918550e+28
1.577230171677159e+16 1.173246542255387e+28
1.697994488183399e+16 1.041016681564138e+28
1.828005406994813e+16 9.236896869191123e+27
1.967970915840421e+16 8.195859421184133e+27
2.118653211185374e+16 7.272151308288335e+27
2.280872848849599e+16 6.452549016878950e+27
2.455513212428278e+16 5.725319379393569e+27
2.643525323847382e+16 5.080051606010848e+27
2.845933022250651e+16 4.507508247071247e+27
3.063838539420143e+16 3.999492952665079e+27
3.298428502091924e+16 3.548733136275678e+27
3.550980393853075e+16 3.148775862727618e+27
3.822869511808969e+16 2.793895470004663e+27
4.115576455904032e+16 2.479011602480584e+27
4.430695191679876e+16 2.199616482152461e+27
4.769941730377354e+16 1.951710376714408e+27
5.135163473650930e+16 1.731744340653049e+27
5.528349273782960e+16 1.536569409664362e+27
5.951640264181806e+16 1.363391521075173e+27
6.407341519142362e+16 1.209731514924345e+27
6.897934606363410e+16 1.073389643091715e+27
7.426091100577830e+16 9.524140783987219e+26
7.994687131885496e+16 8.450729728669294e+26
8.606819048013338e+16 7.498296651293047e+26
9.265820275792901e+16 6.653206820713928e+26
9.975279473676438e+16 5.903362197808086e+26
1.073906007414281e+17 5.238028243765006e+26
1.156132132241340e+17 4.647680247820006e+26
1.244654092604653e+17 4.123866974502952e+26
1.339953943875100e+17 3.659089678420308e+26
1.442550651120338e+17 3.246694754584270e+26
1.553002915182046e+17 2.880778487505056e+26
1.671912215138392e+17 2.556102535464429e+26
1.799926083719743e+17 2.268018940070002e+26
1.937741633514247e+17 2.012403587550778e+26
2.086109353165588e+17 1.785597169246852e+26
2.245837194235499e+17 1.584352796102299e+26
2.417794970986460e+17 1.405789517226855e+26
2.917777177561240e+17 1.186509705275068e+26
3.521152024906297e+17 1.001348255982605e+26
4.249300350229185e+17 8.449950636896945e+25
5.128024390522704e+17 7.129664666703015e+25
6.188462095501779e+17 6.014766270481761e+25
7.468190513726986e+17 5.073289290634831e+25
9.012557350858167e+17 4.278242802933434e+25
1.087628788435552e+18 3.606836853213148e+25
1.312542417631494e+18 3.039828707817468e+25
1.583966530124639e+18 2.560970864195597e+25
1.911519151573429e+18 2.156544987208039e+25
2.306807244559948e+18 1.814968401567731e+25
2.783838006108433e+18 1.526461852130514e+25
3.359515218503714e+18 1.282769001115897e+25
4.054238241806109e+18 1.076919615147431e+25
4.892624873610144e+18 9.030296477404062e+24
5.904383690881649e+18 7.561324803591767e+24
7.125366785666851e+18 6.320364775988966e+24
8.598840198798667e+18 5.272047648039967e+24
1.037701706994386e+19 4.386537708281645e+24
1.252290783179694e+19 3.638676125001704e+24
1.511255301081716e+19 3.007258455560641e+24
1.823771775472584e+19 2.474424816937806e+24
2.200914356846041e+19 2.025144832955152e+24
2.656047248519239e+19 1.646782049481764e+24
3.205298272703356e+19 1.328724618701153e+24
3.868130366552363e+19 1.062070772122549e+24
4.668031259388901e+19 8.393590132724475e+23
5.633345770104864e+19 6.543341722778101e+23
6.798280217539228e+19 5.017416236242391e+23
8.204114535530294e+19 3.771432773971973e+23
9.900665044440085e+19 2.767506682615924e+23
1.194804971306537e+20 1.972728526791872e+23
1.441881846372011e+20 1.357800505743832e+23
1.740052400873190e+20 8.958788525455630e+22
2.099882431700561e+20 5.617091987810492e+22
2.534122664784055e+20 3.311631778168484e+22
3.058160582338723e+20 1.812645480837980e+22
3.690565684659647e+20 9.070954041900374e+21
4.453747508043318e+20 4.073912841733651e+21
5.374749715972415e+20 1.605734654246749e+21
6.486208402513847e+20 5.406480522611222e+20
7.827508565806673e+20 1.505169202358119e+20
9.446179731756801e+20 3.331278306581760e+19
1.139958018244050e+21 5.589662050926296e+18
1.375692947054713e+21 6.714941205021334e+17
1.660176124285057e+21 5.389786685036424e+16
2.003488328952331e+21 2.659246539993956e+15
2.417794970986460e+21 7.292883087373109e+13
