4.135667696618554e-04 1.045457163283654e+21
4.434540912211017e-04 1.120033851627249e+21
4.755012864827625e-04 1.199854565044379e+21
5.098644435192072e-04 1.285276653965553e+21
5.467109304541788e-04 1.376680092415211e+21
5.862202106407824e-04 1.474468642113588e+21
6.285847167500968e-04 1.579071032182852e+21
6.740107880277737e-04 1.690942145787014e+21
7.227196752835282e-04 1.810564203048164e+21
7.749486185084731e-04 1.938447927273765e+21
8.309520023688166e-04 2.075133678854375e+21
8.910025952039281e-04 2.221192538101712e+21
9.553928775633025e-04 2.377227314735661e+21
1.024436466753253e-03 2.543873457639499e+21
1.098469644331580e-03 2.721799833815363e+21
1.177852993990093e-03 2.911709340119069e+21
1.262973157802296e-03 3.114339305254195e+21
1.354244719390276e-03 3.330461632580027e+21
1.452112223182758e-03 3.560882626447299e+21
1.557052339599413e-03 3.806442435930959e+21
1.669576186706935e-03 4.068014039886283e+21
1.790231819654837e-03 4.346501686125074e+21
1.919606900015774e-03 4.642838685101794e+21
2.058331558031766e-03 4.957984444742613e+21
2.207081461706898e-03 5.292920617876382e+21
2.366581107694943e-03 5.648646217102972e+21
2.537607350010165e-03 6.026171533854343e+21
2.720993183748383e-03 6.426510678917887e+21
2.917631802246898e-03 6.850672540911837e+21
3.128480947444259e-03 7.299649937336631e+21
3.354567574628287e-03 7.774406710196080e+21
3.596992854292573e-03 8.275862495272146e+21
3.856937535463273e-03 8.804874871622514e+21
4.135667696618554e-03 9.362218576689310e+21
4.434540912211017e-03 9.948561453813223e+21
4.755012864827625e-03 1.056443678459388e+22
5.098644435192052e-03 1.121021165057382e+22
5.467109304541788e-03 1.188605096990017e+22
5.862202106407826e-03 1.259187686842025e+22
6.285847167500969e-03 1.332732307544868e+22
6.740107880277737e-03 1.409168408758893e+22
7.227196752835282e-03 1.488385892608136e+22
7.749486185084731e-03 1.570228943210895e+22
8.309520023688165e-03 1.654489320974147e+22
8.910025952039283e-03 1.740899154874662e+22
9.553928775633026e-03 1.829123295192626e+22
1.024436466753253e-02 1.918751326799575e+22
1.098469644331580e-02 2.009289390641563e+22
1.177852993990093e-02 2.100152020049982e+22
1.262973157802296e-02 2.190654270419266e+22
1.354244719390276e-02 2.280004506806671e+22
1.452112223182758e-02 2.367298314773484e+22
1.557052339599414e-02 2.451514114988800e+22
1.669576186706934e-02 2.531511189942500e+22
1.790231819654837e-02 2.606030967523837e+22
1.919606900015774e-02 2.673702544026291e+22
2.058331558031766e-02 2.733053556893378e+22
2.207081461706897e-02 2.782527618271068e+22
2.366581107694943e-02 2.820509570465073e+22
2.537607350010165e-02 2.845359792195280e+22
2.720993183748383e-02 2.855458630368589e+22
2.917631802246897e-02 2.849261708843676e+22
3.128480947444259e-02 2.825366321753111e+22
3.354567574628287e-02 2.782588304358574e+22
3.596992854292573e-02 2.720047650981330e+22
3.856937535463272e-02 2.637259706404232e+22
4.135667696618554e-02 2.534227031387162e+22
4.434540912211016e-02 2.411525144043957e+22
4.755012864827624e-02 2.270373472576974e+22
5.098644435192052e-02 2.112681339100372e+22
5.467109304541788e-02 1.941058054909602e+22
5.862202106407825e-02 1.758776740733439e+22
6.285847167500969e-02 1.569683773442971e+22
6.740107880277738e-02 1.378050136840932e+22
7.227196752835283e-02 1.188367431154434e+22
7.749486185084732e-02 1.005099394981084e+22
8.309520023688165e-02 8.324084405465730e+21
8.910025952039283e-02 6.738842694226815e+21
9.553928775633024e-02 5.323061855690902e+21
1.024436466753253e-01 4.094704727584769e+21
1.098469644331579e-01 3.061081102443691e+21
1.177852993990093e-01 2.219063925068619e+21
1.262973157802296e-01 1.556324513905148e+21
1.354244719390277e-01 1.053403272392690e+21
1.452112223182758e-01 6.862979013401932e+20
1.557052339599414e-01 4.291783989007550e+20
1.669576186706934e-01 2.568452099439318e+20
1.790231819654837e-01 1.466307806586752e+20
1.919606900015781e-01 7.958171371748704e+19
2.058331558031766e-01 4.091147163082970e+19
2.207081461706898e-01 1.984340833607471e+19
2.366581107694943e-01 9.042743087519167e+18
2.537607350010175e-01 3.854240344307202e+18
2.720993183748383e-01 1.529089044712300e+18
2.917631802246897e-01 5.617347438916472e+17
3.128480947444260e-01 1.900294327873869e+17
3.354567574628287e-01 5.884556033568477e+16
3.596992854292573e-01 1.657429040435828e+16
3.856937535463272e-01 4.217054730610795e+15
4.135667696618554e-01 9.621575787996972e+14
