1.000000000000000e+11 1.951943051468365e+27
1.072267222010325e+11 2.242307034336816e+27
1.149756995397736e+11 2.575701725851107e+27
1.232846739442068e+11 2.958466187597827e+27
1.321941148466029e+11 3.397864481270713e+27
1.417474162926808e+11 3.902218579886871e+27
1.519911082952933e+11 4.481059891795502e+27
1.629750834620647e+11 5.145301889159203e+27
1.747528400007683e+11 5.907436638492376e+27
1.873817422860387e+11 6.781758367426146e+27
2.009233002565046e+11 7.784617570360788e+27
2.154434690031887e+11 8.934709556771528e+27
2.310129700083158e+11 1.025340177955359e+28
2.477076355991714e+11 1.176510474579000e+28
2.656087782946684e+11 1.349769180606988e+28
2.848035868435805e+11 1.548297363645941e+28
3.053855508833412e+11 1.775723376234836e+28
3.274549162877732e+11 2.036183201536154e+28
3.511191734215128e+11 2.334388334881880e+28
3.764935806792471e+11 2.675701994409216e+28
4.037017258596550e+11 3.066224499318418e+28
4.328761281083062e+11 3.512888690725382e+28
4.641588833612773e+11 4.023566293160576e+28
4.977023564332114e+11 4.607186118727764e+28
5.336699231206302e+11 5.273864993470926e+28
5.722367659350220e+11 6.035052227442035e+28
6.135907273413163e+11 6.903688344891310e+28
6.579332246575682e+11 7.894378624826795e+28
7.054802310718632e+11 9.023581757642690e+28
7.564633275546290e+11 1.030981357964113e+29
8.111308307896888e+11 1.177386537881950e+29
8.697490026177834e+11 1.343903564216366e+29
9.326033468832180e+11 1.533137330129770e+29
1.000000000000000e+12 1.747992948816640e+29
1.072267222010325e+12 1.991701348759018e+29
1.149756995397736e+12 2.267844691470332e+29
1.232846739442063e+12 2.580380809198657e+29
1.321941148466029e+12 2.933665608713994e+29
1.417474162926808e+12 3.332472083038842e+29
1.519911082952933e+12 3.782004208882114e+29
1.629750834620647e+12 4.287903577183570e+29
1.747528400007683e+12 4.856246102406006e+29
1.873817422860387e+12 5.493525580216045e+29
2.009233002565046e+12 6.206620214048134e+29
2.154434690031887e+12 7.002737515824420e+29
2.310129700083158e+12 7.889332220649021e+29
2.477076355991714e+12 8.873991067884166e+29
2.656087782946684e+12 9.964277536922483e+29
2.848035868435805e+12 1.116752895316850e+30
3.053855508833413e+12 1.249059789557727e+30
3.274549162877732e+12 1.393952967592073e+30
3.511191734215127e+12 1.551916800107014e+30
3.764935806792471e+12 1.723268200480112e+30
4.037017258596550e+12 1.908100993456110e+30
4.328761281083062e+12 2.106221824949081e+30
4.641588833612772e+12 2.317078012768820e+30
4.977023564332114e+12 2.539678482132146e+30
5.336699231206302e+12 2.772509935214856e+30
5.722367659350220e+12 3.013451703563559e+30
6.135907273413163e+12 3.259694338942412e+30
6.579332246575683e+12 3.507668889372278e+30
7.054802310718631e+12 3.752995902975901e+30
7.564633275546291e+12 3.990465340328224e+30
8.111308307896889e+12 4.214060483512984e+30
8.697490026177834e+12 4.417040199834731e+30
9.326033468832180e+12 4.592093998026722e+30
1.000000000000000e+13 4.731582525316094e+30
1.072267222010325e+13 4.827871752370450e+30
1.149756995397736e+13 4.873761405764031e+30
1.232846739442063e+13 4.862996840106644e+30
1.321941148466029e+13 4.790838668474437e+30
1.417474162926808e+13 4.654647158670593e+30
1.519911082952933e+13 4.454420894704255e+30
1.629750834620647e+13 4.193215001536096e+30
1.747528400007683e+13 3.877357837393421e+30
1.873817422860387e+13 3.516391199424392e+30
2.009233002565046e+13 3.122681414709098e+30
2.154434690031887e+13 2.710688118606099e+30
2.310129700083158e+13 2.295930707404140e+30
2.477076355991714e+13 1.893751038537047e+30
2.656087782946684e+13 1.518022332165826e+30
2.848035868435805e+13 1.179984134269754e+30
3.053855508833412e+13 8.873798097998588e+29
3.274549162877732e+13 6.440314539902356e+29
3.511191734215127e+13 4.499125591064107e+29
3.764935806792471e+13 3.016868157669240e+29
4.037017258596550e+13 1.935944830919713e+29
4.328761281083062e+13 1.185085496992654e+29
4.641588833612791e+13 6.896692359635930e+28
4.977023564332114e+13 3.801681233472856e+28
5.336699231206302e+13 1.977196790394368e+28
5.722367659350220e+13 9.661328522802715e+27
6.135907273413188e+13 4.415485685052316e+27
6.579332246575682e+13 1.878345570891697e+27
7.054802310718631e+13 7.399068277375407e+26
7.564633275546291e+13 2.683920521533571e+26
8.111308307896889e+13 8.911801650727881e+25
8.697490026177834e+13 2.691471488500336e+25
9.326033468832180e+13 7.342891437943125e+24
1.000000000000000e+14 1.796416789050336e+24
